3 0.6419270833333334 0.4532407407407407 0.0171875 0.049074074074074076
2 0.61015625 0.29259259259259257 0.011979166666666667 0.03148148148148148
2 0.7380208333333333 0.36527777777777776 0.0125 0.04722222222222222
2 0.63515625 0.5050925925925925 0.0109375 0.05648148148148148
1 0.04791666666666667 0.405287037037037 0.01875 0.049074074074074076
2 0.578125 0.39861111111111114 0.010416666666666666 0.04722222222222222
2 0.39375 0.3773148148148148 0.013541666666666667 0.04351851851851852
2 0.37942708333333336 0.7018518518518518 0.018229166666666668 0.07407407407407407
2 0.43046875 0.38796296296296295 0.0140625 0.05
2 0.45729166666666665 0.7018518518518518 0.020833333333333332 0.07222222222222222
2 0.5994791666666667 0.6013888888888889 0.017708333333333333 0.06574074074074074
2 0.2916666666666667 0.4609166666666667 0.017546875000000028 0.058870370370370406
3 0.11134895833333332 0.710138888888889 0.023739583333333324 0.08138888888888897
2 0.7591145833333334 0.4722222222222222 0.0140625 0.05555555555555555
2 0.3572916666666667 0.7078703703703704 0.03229166666666667 0.062037037037037036
2 0.615390625 0.7060092592592593 0.0223385416666666 0.0694351851851852
2 0.21744791666666666 0.5972222222222222 0.0203125 0.05925925925925926
2 0.3182291666666667 0.55 0.013541666666666667 0.06111111111111111
2 0.5385416666666667 0.6129629629629629 0.020833333333333332 0.06851851851851852
2 0.7606770833333333 0.6074074074074074 0.0203125 0.07037037037037037
2 0.7263020833333333 0.6041666666666666 0.019270833333333334 0.06759259259259259
2 0.790625 0.6388888888888888 0.017708333333333333 0.06851851851851852
2 0.4171875 0.5185185185185185 0.013541666666666667 0.05555555555555555
0 0.3809322916666667 0.72175 0.00696354166666661 0.01400925925925936
3 0.7332447916666667 0.2654722222222222 0.0077135416666666385 0.035796296296296264