2 0.3503541666666667 0.30026851851851855 0.012171874999999943 0.04206481481481477
3 0.633953125 0.26069444444444445 0.010635416666666704 0.03616666666666672
2 0.32083333333333336 0.2814814814814815 0.0125 0.03518518518518519
2 0.43020833333333336 0.2949074074074074 0.013541666666666667 0.03425925925925926
3 0.40155729166666665 0.34938888888888886 0.013718749999999957 0.04506481481481478
2 0.3533854166666667 0.33611111111111114 0.009895833333333333 0.040740740740740744
2 0.39694791666666673 0.2956759259259259 0.011463541666666662 0.04212037037037038
2 0.21197916666666666 0.37824074074074077 0.010416666666666666 0.04722222222222222
2 0.5473958333333333 0.3439814814814815 0.010416666666666666 0.041666666666666664
2 0.25859375 0.3453703703703704 0.013020833333333334 0.046296296296296294
1 0.9018072916666667 0.3627962962962963 0.010911458333333238 0.0478148148148148
2 0.5395833333333333 0.32685185185185184 0.009375 0.03888888888888889
2 0.4321197916666667 0.4307314814814815 0.01779687500000004 0.05277777777777778
2 0.6552083333333333 0.29814814814814816 0.0125 0.04259259259259259
2 0.2755208333333333 0.3527777777777778 0.011458333333333333 0.05
2 0.15989583333333332 0.39490740740740743 0.013541666666666667 0.04537037037037037
2 0.26979166666666665 0.4263888888888889 0.009375 0.04722222222222222
2 0.6700520833333333 0.32083333333333336 0.008854166666666666 0.041666666666666664
2 0.20160937499999995 0.648212962962963 0.017552083333333357 0.07032407407407412
2 0.7192708333333333 0.4027777777777778 0.009375 0.05
2 0.19479166666666667 0.45925925925925926 0.011458333333333333 0.05925925925925926
2 0.19036458333333334 0.5694444444444444 0.016145833333333335 0.06111111111111111
2 0.5635416666666667 0.5472222222222223 0.014583333333333334 0.06481481481481481
0 0.7613958333333334 0.34378703703703706 0.006213541666666582 0.010092592592592571