3 0.7799479166666666 0.22685185185185186 0.015104166666666667 0.03888888888888889
2 0.44140625 0.26481481481481484 0.013020833333333334 0.044444444444444446
2 0.43307291666666664 0.26990740740740743 0.018229166666666668 0.04351851851851852
2 0.5800885416666667 0.24900000000000003 0.01690625000000002 0.040898148148148135
3 0.41692708333333334 0.3194444444444444 0.011979166666666667 0.05185185185185185
2 0.6091145833333333 0.2462962962962963 0.013020833333333334 0.05
2 0.7885416666666667 0.2638888888888889 0.008333333333333333 0.05
2 0.36989583333333337 0.3253240740740741 0.014380208333333281 0.054361111111111145
2 0.5158854166666667 0.27870370370370373 0.011979166666666667 0.04814814814814815
2 0.12213541666666666 0.44305555555555554 0.015104166666666667 0.06018518518518518
2 0.23515625 0.3277777777777778 0.011979166666666667 0.05555555555555555
2 0.18671875 0.39814814814814814 0.0109375 0.06666666666666667
2 0.58046875 0.3365740740740741 0.015104166666666667 0.058333333333333334
2 0.54765625 0.3425925925925926 0.013020833333333334 0.05555555555555555
2 0.2559895833333333 0.3712962962962963 0.0140625 0.05925925925925926
2 0.10755208333333334 0.5277777777777778 0.0234375 0.07222222222222222
2 0.41354166666666664 0.40370370370370373 0.016666666666666666 0.05925925925925926
2 0.72421875 0.3578703703703704 0.015104166666666667 0.058333333333333334
2 0.3372395833333333 0.6620370370370371 0.021354166666666667 0.07962962962962963
2 0.8671875 0.3726851851851852 0.011458333333333333 0.06018518518518518
2 0.78515625 0.537962962962963 0.0203125 0.07777777777777778
0 0.6123124999999999 0.26899999999999996 0.004338541666666629 0.008481481481481453
2 0.3643072916666667 0.32422222222222224 0.015333333333333362 0.04649074074074078