0 0.8005208333333333 0.43657407407407406 0.00625 0.010185185185185186
2 0.33135416666666667 0.2777777777777778 0.010630208333333375 0.03888888888888889
2 0.3072916666666667 0.30185185185185187 0.009375 0.037037037037037035
2 0.3736979166666667 0.3101851851851852 0.008854166666666666 0.040740740740740744
2 0.2955729166666667 0.30925925925925923 0.008854166666666666 0.040740740740740744
3 0.49895833333333334 0.3638888888888889 0.009375 0.04814814814814815
2 0.50625 0.3851851851851852 0.008333333333333333 0.05
3 0.6518229166666667 0.24953703703703703 0.0067708333333333336 0.03425925925925926
2 0.2635416666666667 0.36203703703703705 0.011458333333333333 0.05
2 0.19453125 0.43148148148148147 0.0140625 0.05185185185185185
1 0.8697916666666666 0.3712962962962963 0.013541666666666667 0.044444444444444446
2 0.35104166666666664 0.37824074074074077 0.011458333333333333 0.05092592592592592
2 0.6114583333333333 0.29212962962962963 0.009375 0.03981481481481482
2 0.3026041666666667 0.4736111111111111 0.011458333333333333 0.05462962962962963
2 0.27395833333333336 0.3685185185185185 0.0125 0.05
2 0.22421875 0.40925925925925927 0.0109375 0.05740740740740741
2 0.18854166666666666 0.711574074074074 0.01875 0.07685185185185185
2 0.47994791666666664 0.48055555555555557 0.015104166666666667 0.05740740740740741
2 0.5783854166666667 0.3476851851851852 0.0140625 0.04722222222222222
2 0.7864583333333334 0.4300925925925926 0.016666666666666666 0.05462962962962963
2 0.2421875 0.5 0.017708333333333333 0.06481481481481481
2 0.16796875 0.6273148148148148 0.013020833333333334 0.06944444444444445
3 0.08184895833333337 0.8093240740740741 0.031411458333333336 0.09458333333333342
2 0.5279010416666666 0.6310462962962963 0.01726562499999999 0.07875925925925921
2 0.6286458333333333 0.3736111111111111 0.011458333333333333 0.049074074074074076