3 0.46484375 0.21342592592592594 0.0109375 0.03981481481481482
2 0.5612604166666666 0.33787962962962964 0.010302083333333437 0.052833333333333385
1 0.8458333333333333 0.34675925925925927 0.013541666666666667 0.062037037037037036
2 0.48072916666666665 0.2953703703703704 0.01875 0.044444444444444446
2 0.740625 0.43796296296296294 0.01875 0.07222222222222222
2 0.566015625 0.367 0.02109375 0.050675925925925944
2 0.6161458333333333 0.3662037037037037 0.010416666666666666 0.05462962962962963
2 0.5903645833333333 0.3421296296296296 0.0140625 0.058333333333333334
2 0.6854166666666667 0.43287037037037035 0.016666666666666666 0.06759259259259259
2 0.50625 0.3013888888888889 0.016666666666666666 0.04537037037037037
2 0.39453125 0.3125 0.0171875 0.05462962962962963
2 0.6653645833333334 0.39861111111111114 0.0140625 0.06388888888888888
2 0.7046875 0.425462962962963 0.015625 0.058333333333333334
3 0.425 0.43472222222222223 0.013541666666666667 0.06759259259259259
2 0.44635416666666666 0.31666666666666665 0.01875 0.05185185185185185
2 0.09661458333333334 0.4083333333333333 0.009895833333333333 0.06296296296296296
2 0.38619791666666664 0.3921296296296296 0.0234375 0.058333333333333334
2 0.16744791666666667 0.4027777777777778 0.018229166666666668 0.06666666666666667
2 0.14921875 0.4699074074074074 0.016145833333333335 0.06944444444444445
2 0.571875 0.45231481481481484 0.016666666666666666 0.062037037037037036
2 0.09791666666666667 0.5203703703703704 0.017708333333333333 0.07777777777777778
2 0.68515625 0.4181944444444444 0.02288020833333325 0.06056481481481479
0 0.3961510416666666 0.4014814814814815 0.006093750000000024 0.012814814814814845