3 0.6953125 0.19490740740740742 0.010416666666666666 0.03425925925925926
2 0.43020833333333336 0.23287037037037037 0.010416666666666666 0.041666666666666664
2 0.6419270833333334 0.2518518518518518 0.0109375 0.044444444444444446
2 0.6260416666666667 0.31157407407407406 0.010416666666666666 0.05277777777777778
0 0.3346354166666667 0.6365740740740741 0.0078125 0.013888888888888888
2 0.36171875 0.28055555555555556 0.016145833333333335 0.05185185185185185
2 0.30911458333333336 0.6208333333333333 0.0234375 0.0824074074074074
2 0.6268229166666667 0.39675925925925926 0.013020833333333334 0.049074074074074076
2 0.42213541666666665 0.31712962962962965 0.011979166666666667 0.05462962962962963
2 0.5450520833333333 0.29583333333333334 0.011979166666666667 0.05277777777777778
2 0.6973958333333333 0.5435185185185185 0.01875 0.07592592592592592
2 0.72578125 0.30972222222222223 0.011979166666666667 0.058333333333333334
2 0.5958333333333333 0.36574074074074076 0.013541666666666667 0.05925925925925926
2 0.74609375 0.3143518518518518 0.013020833333333334 0.05092592592592592
3 0.6268229166666667 0.44583333333333336 0.0140625 0.06944444444444445
2 0.34427083333333336 0.3162037037037037 0.0125 0.058333333333333334
2 0.7721354166666666 0.36712962962962964 0.013020833333333334 0.06388888888888888
2 0.37734375 0.38472222222222224 0.013020833333333334 0.06574074074074074
2 0.7424479166666667 0.6685185185185185 0.0265625 0.08703703703703704
2 0.41067708333333336 0.5712962962962963 0.0234375 0.07222222222222222
2 0.17005208333333333 0.33240740740740743 0.0140625 0.05555555555555555
2 0.5651041666666666 0.8013888888888889 0.036458333333333336 0.09907407407407408
2 0.75234375 0.47962962962962963 0.0140625 0.07037037037037037