3 0.6419270833333334 0.2490740740740741 0.0067708333333333336 0.027777777777777776
2 0.4953125 0.29212962962962963 0.009375 0.041666666666666664
2 0.33098958333333334 0.33101851851851855 0.0109375 0.03796296296296296
3 0.4440104166666667 0.35694444444444445 0.009895833333333333 0.04722222222222222
2 0.3111979166666667 0.3337962962962963 0.0109375 0.04537037037037037
2 0.39036458333333335 0.4041666666666667 0.008854166666666666 0.049074074074074076
2 0.628125 0.6842592592592592 0.021875 0.06481481481481481
2 0.27447916666666666 0.38101851851851853 0.010416666666666666 0.05092592592592592
2 0.409375 0.3972222222222222 0.014583333333333334 0.05
2 0.5450520833333333 0.42777777777777776 0.0140625 0.053703703703703705
2 0.23958333333333334 0.42824074074074076 0.0125 0.05648148148148148
2 0.2864583333333333 0.38657407407407407 0.011458333333333333 0.05092592592592592
3 0.04880729166666668 0.7351851851851852 0.021572916666666674 0.07777777777777778
2 0.35833333333333334 0.7013888888888888 0.020833333333333332 0.0787037037037037
2 0.6911458333333333 0.3773148148148148 0.010416666666666666 0.05092592592592592
2 0.5614583333333333 0.5277777777777778 0.011458333333333333 0.06481481481481481
2 0.5950520833333334 0.4476851851851852 0.013020833333333334 0.05277777777777778
2 0.37213541666666666 0.5550925925925926 0.0171875 0.06574074074074074
2 0.9393229166666667 0.48194444444444445 0.0140625 0.05648148148148148
2 0.35442708333333334 0.42777777777777776 0.011979166666666667 0.053703703703703705
2 0.14453125 0.6351851851851852 0.015104166666666667 0.06666666666666667
2 0.17213541666666668 0.5166666666666667 0.015104166666666667 0.06111111111111111
2 0.5119791666666667 0.6050925925925926 0.016666666666666666 0.06944444444444445
2 0.22317708333333333 0.6680555555555555 0.022395833333333334 0.0712962962962963
0 0.635953125 0.7062777777777778 0.006098958333333352 0.011842592592592559