2 0.43639583333333337 0.2505833333333333 0.013229166666666714 0.04598148148148145
2 0.434375 0.27037037037037037 0.016666666666666666 0.04259259259259259
2 0.5596354166666667 0.26157407407407407 0.009895833333333333 0.041666666666666664
3 0.75078125 0.22268518518518518 0.009895833333333333 0.03981481481481482
2 0.5703125 0.25416666666666665 0.013541666666666667 0.04537037037037037
2 0.2994791666666667 0.3675925925925926 0.009375 0.05185185185185185
2 0.7604166666666666 0.2601851851851852 0.009375 0.046296296296296294
2 0.4869791666666667 0.26851851851851855 0.011458333333333333 0.04814814814814815
2 0.2916666666666667 0.2953703703703704 0.013541666666666667 0.05
2 0.5513020833333333 0.32083333333333336 0.015104166666666667 0.05277777777777778
2 0.5700520833333333 0.31296296296296294 0.0140625 0.05185185185185185
2 0.32760416666666664 0.3023148148148148 0.017708333333333333 0.05092592592592592
2 0.39739583333333334 0.3824074074074074 0.016666666666666666 0.05740740740740741
2 0.21901041666666668 0.33796296296296297 0.018229166666666668 0.05555555555555555
2 0.7309895833333333 0.30416666666666664 0.019270833333333334 0.049074074074074076
2 0.1796875 0.34953703703703703 0.0125 0.05462962962962963
3 0.3807291666666667 0.325 0.016666666666666666 0.05185185185185185
2 0.21822916666666667 0.40370370370370373 0.01875 0.06111111111111111
2 0.8158854166666667 0.3768518518518518 0.015104166666666667 0.05555555555555555
2 0.17265625 0.5462962962962963 0.016145833333333335 0.06666666666666667
2 0.6932291666666667 0.525 0.017708333333333333 0.07407407407407407
2 0.19765625 0.6259259259259259 0.021354166666666667 0.07777777777777778
0 0.6387135416666666 0.27817592592592594 0.006614583333333239 0.008722222222222185