2 0.7653125000000001 0.42188888888888887 0.016343750000000056 0.05092592592592592
2 0.4635416666666667 0.35833333333333334 0.008333333333333333 0.040740740740740744
2 0.6220364583333333 0.29869444444444443 0.014807291666666582 0.027907407407407395
2 0.5546875 0.33055555555555555 0.007291666666666667 0.037037037037037035
2 0.5598958333333334 0.33564814814814814 0.0125 0.03981481481481482
2 0.7580729166666667 0.4337962962962963 0.018229166666666668 0.04722222222222222
2 0.265625 0.3939814814814815 0.008333333333333333 0.04537037037037037
2 0.4817708333333333 0.33194444444444443 0.009375 0.041666666666666664
2 0.47239583333333335 0.4111111111111111 0.010416666666666666 0.044444444444444446
2 0.30494791666666665 0.34629629629629627 0.008854166666666666 0.040740740740740744
3 0.45729166666666665 0.4115740740740741 0.019791666666666666 0.04351851851851852
2 0.34713541666666664 0.5398148148148149 0.008854166666666666 0.053703703703703705
2 0.6356770833333333 0.375 0.0109375 0.040740740740740744
2 0.27708333333333335 0.42314814814814816 0.014583333333333334 0.044444444444444446
2 0.74375 0.6388888888888888 0.023958333333333335 0.06296296296296296
2 0.4625 0.7199074074074074 0.022916666666666665 0.0712962962962963
2 0.5880208333333333 0.3194444444444444 0.014583333333333334 0.03148148148148148
2 0.7221354166666667 0.3625 0.0109375 0.04537037037037037
2 0.39739583333333334 0.3685185185185185 0.009375 0.046296296296296294
2 0.1953125 0.5074074074074074 0.013541666666666667 0.05555555555555555
2 0.7940104166666667 0.5583333333333333 0.0140625 0.05740740740740741
3 0.6707083333333334 0.2740185185185185 0.01459374999999999 0.0363981481481482