3 0.6450520833333333 0.2861111111111111 0.0067708333333333336 0.025925925925925925
2 0.4864583333333333 0.28935185185185186 0.007291666666666667 0.028703703703703703
1 0.9859375 0.43842592592592594 0.011458333333333333 0.04351851851851852
2 0.584375 0.5236111111111111 0.011458333333333333 0.04351851851851852
2 0.7043489583333333 0.43033333333333335 0.009734375000000028 0.04489814814814816
1 0.09244791666666667 0.4083333333333333 0.0109375 0.044444444444444446
2 0.6385416666666667 0.33796296296296297 0.007291666666666667 0.02962962962962963
2 0.5690104166666666 0.5467592592592593 0.008854166666666666 0.05277777777777778
3 0.57890625 0.5476851851851852 0.0140625 0.05462962962962963
2 0.5809895833333333 0.38101851851851853 0.0067708333333333336 0.03796296296296296
2 0.40234375 0.39351851851851855 0.0078125 0.040740740740740744
2 0.63046875 0.4787037037037037 0.008854166666666666 0.046296296296296294
2 0.72109375 0.44074074074074077 0.0109375 0.044444444444444446
2 0.6026041666666667 0.3541666666666667 0.007291666666666667 0.03796296296296296
2 0.5177083333333333 0.5236111111111111 0.010416666666666666 0.04722222222222222
2 0.42291666666666666 0.45185185185185184 0.007291666666666667 0.04814814814814815
2 0.29973958333333334 0.337037037037037 0.008854166666666666 0.037037037037037035
2 0.57578125 0.6138888888888889 0.015104166666666667 0.05925925925925926
2 0.43255208333333334 0.43842592592592594 0.0109375 0.04537037037037037
2 0.69453125 0.7949074074074074 0.016145833333333335 0.06759259259259259
2 0.21666666666666667 0.5 0.019791666666666666 0.05
2 0.71640625 0.6106481481481482 0.011979166666666667 0.062037037037037036
2 0.6580729166666667 0.5638888888888889 0.011979166666666667 0.05740740740740741
2 0.7077343749999999 0.4096018518518519 0.009406249999999972 0.0444907407407407
0 0.27523958333333337 0.423 0.005442708333333357 0.011194444444444474