3 0.5699010416666667 0.25275000000000003 0.008437499999999905 0.03348148148148145
2 0.20918750000000005 0.38216666666666665 0.009755208333333343 0.04397222222222223
2 0.221875 0.31805555555555554 0.009375 0.03796296296296296
2 0.2830729166666667 0.2740740740740741 0.0078125 0.03518518518518519
2 0.24739583333333334 0.30787037037037035 0.009375 0.03796296296296296
2 0.2359375 0.37592592592592594 0.010416666666666666 0.040740740740740744
1 0.840625 0.37672222222222224 0.010416666666666666 0.04537037037037037
2 0.53046875 0.2972222222222222 0.0078125 0.03888888888888889
2 0.3763020833333333 0.3837962962962963 0.013020833333333334 0.049074074074074076
2 0.7552083333333334 0.47129629629629627 0.015625 0.04814814814814815
2 0.32447916666666665 0.40324074074074073 0.011458333333333333 0.04537037037037037
2 0.5643229166666667 0.3925925925925926 0.009895833333333333 0.044444444444444446
2 0.42291666666666666 0.33101851851851855 0.007291666666666667 0.03981481481481482
2 0.6492812499999999 0.668212962962963 0.02318749999999999 0.06789814814814808
2 0.58203125 0.43425925925925923 0.009895833333333333 0.046296296296296294
2 0.80703125 0.47685185185185186 0.015104166666666667 0.053703703703703705
3 0.38307291666666665 0.42592592592592593 0.0109375 0.046296296296296294
2 0.22369791666666666 0.4634259259259259 0.011979166666666667 0.05648148148148148
2 0.8193489583333334 0.6453703703703704 0.02588541666666657 0.06111111111111111
2 0.1890625 0.5486111111111112 0.013541666666666667 0.06388888888888888
2 0.4830729166666667 0.4842592592592593 0.016145833333333335 0.05185185185185185
3 0.11380208333333333 0.9564814814814815 0.0296875 0.08703703703703704
2 0.15390625 0.5777777777777777 0.015104166666666667 0.05740740740740741
0 0.8056927083333334 0.6712592592592593 0.0068489583333333805 0.012518518518518502
2 0.20576041666666664 0.39160185185185187 0.011572916666666681 0.04545370370370373