2 0.6529583333333332 0.5156111111111111 0.01328125 0.036787037037037056
3 0.23490104166666667 0.9020555555555556 0.032296874999999996 0.06336111111111117
1 0.9453125 0.5314814814814814 0.010416666666666666 0.03518518518518519
2 0.5403645833333334 0.4583333333333333 0.0067708333333333336 0.02962962962962963
2 0.34791666666666665 0.5037037037037037 0.009375 0.037037037037037035
2 0.82265625 0.6712962962962963 0.0171875 0.05
2 0.5411458333333333 0.5740740740740741 0.0125 0.044444444444444446
2 0.3328125 0.5689814814814815 0.008333333333333333 0.04351851851851852
2 0.48385416666666664 0.7069444444444445 0.010416666666666666 0.058333333333333334
2 0.7158854166666667 0.5837962962962963 0.0109375 0.04537037037037037
3 0.5018229166666667 0.5879629629629629 0.011979166666666667 0.046296296296296294
2 0.7033854166666667 0.6333333333333333 0.0140625 0.05185185185185185
2 0.45651041666666664 0.7407407407407407 0.013020833333333334 0.06111111111111111
2 0.6541666666666667 0.7722222222222223 0.015625 0.06111111111111111
2 0.440625 0.7 0.0125 0.053703703703703705
2 0.5479166666666667 0.6388888888888888 0.016666666666666666 0.05185185185185185
2 0.42578125 0.6064814814814815 0.013020833333333334 0.04814814814814815
2 0.46484375 0.674074074074074 0.015104166666666667 0.053703703703703705
2 0.27005208333333336 0.6805555555555556 0.0203125 0.053703703703703705
2 0.94765625 0.7217592592592592 0.013020833333333334 0.05092592592592592
2 0.6846354166666667 0.6333333333333333 0.016145833333333335 0.04814814814814815
2 0.5822916666666667 0.8384259259259259 0.020833333333333332 0.06388888888888888
2 0.6578958333333332 0.5378796296296297 0.013312499999999972 0.04814814814814815
3 0.6163177083333333 0.39031481481481484 0.006953124999999952 0.02545370370370371
0 0.26683854166666665 0.7029722222222222 0.006692708333333315 0.012861111111111203