2 0.46119791666666665 0.6759259259259259 0.009895833333333333 0.053703703703703705
2 0.66171875 0.48194444444444445 0.0067708333333333336 0.03611111111111111
2 0.6263020833333334 0.44027777777777777 0.0067708333333333336 0.028703703703703703
2 0.5581302083333334 0.5515185185185185 0.008739583333333438 0.04007407407407405
3 0.07526041666666666 0.8546296296296296 0.0140625 0.06666666666666667
2 0.4544270833333333 0.3902777777777778 0.0078125 0.030555555555555555
1 0.9403645833333333 0.5199074074074074 0.0109375 0.03611111111111111
3 0.5606770833333333 0.5787037037037037 0.009895833333333333 0.046296296296296294
2 0.44192708333333336 0.5722222222222222 0.0078125 0.04814814814814815
2 0.559375 0.49675925925925923 0.009375 0.03796296296296296
2 0.7010416666666667 0.5398148148148149 0.010416666666666666 0.040740740740740744
2 0.6213541666666667 0.7592592592592593 0.014583333333333334 0.06111111111111111
2 0.62109375 0.47175925925925927 0.008854166666666666 0.03611111111111111
2 0.7119791666666667 0.6541666666666667 0.016666666666666666 0.05462962962962963
2 0.40130208333333334 0.49583333333333335 0.0078125 0.03611111111111111
2 0.4281822916666666 0.5466574074074074 0.016552083333333318 0.04146296296296294
2 0.66171875 0.5212962962962963 0.009895833333333333 0.04814814814814815
1 0.12239583333333333 0.49675925925925923 0.010416666666666666 0.03981481481481482
2 0.25625 0.5018518518518519 0.009375 0.04259259259259259
2 0.25885416666666666 0.6453703703703704 0.0125 0.04814814814814815
2 0.6263020833333334 0.586574074074074 0.0078125 0.04722222222222222
2 0.29661458333333335 0.7069444444444445 0.0140625 0.06018518518518518
2 0.7796875 0.8245370370370371 0.014583333333333334 0.06388888888888888
2 0.5067708333333333 0.8523148148148149 0.019791666666666666 0.06759259259259259
3 0.6181822916666666 0.3774166666666667 0.006453124999999934 0.025231481481481483
0 0.30190625000000004 0.7180000000000001 0.004859374999999962 0.008916666666666767