2 0.38333333333333336 0.3587962962962963 0.010416666666666666 0.049074074074074076
2 0.39166666666666666 0.36342592592592593 0.008333333333333333 0.041666666666666664
2 0.46004687499999997 0.2816111111111111 0.011765624999999957 0.03360185185185182
3 0.008854166666666666 0.8759259259259259 0.017708333333333333 0.09259259259259259
2 0.6377604166666667 0.37824074074074077 0.009895833333333333 0.04722222222222222
2 0.469859375 0.2841388888888889 0.008463541666666666 0.03302777777777774
2 0.28958333333333336 0.30462962962962964 0.008333333333333333 0.040740740740740744
2 0.61640625 0.2916666666666667 0.008854166666666666 0.03518518518518519
2 0.2989583333333333 0.3365740740740741 0.008333333333333333 0.04537037037037037
2 0.4923854166666667 0.3881851851851852 0.019234375000000033 0.046740740740740756
2 0.6072916666666667 0.2828703703703704 0.007291666666666667 0.03611111111111111
2 0.6356770833333333 0.3347222222222222 0.0109375 0.04537037037037037
2 0.33177083333333335 0.36064814814814816 0.008333333333333333 0.041666666666666664
2 0.17604166666666668 0.4083333333333333 0.010416666666666666 0.05
2 0.440625 0.34814814814814815 0.013541666666666667 0.044444444444444446
2 0.5817708333333333 0.375 0.011458333333333333 0.046296296296296294
2 0.6950520833333333 0.5106481481481482 0.015104166666666667 0.05648148148148148
3 0.5351510416666667 0.4101851851851852 0.01303124999999999 0.05
2 0.2939791666666667 0.5170833333333333 0.014000000000000058 0.06936111111111119
2 0.7174479166666666 0.6412037037037037 0.015104166666666667 0.0712962962962963
2 0.47317708333333336 0.49953703703703706 0.013020833333333334 0.058333333333333334
0 0.45918229166666674 0.2901944444444445 0.004406250000000019 0.008833333333333299
2 0.3842083333333334 0.2816759259259259 0.011687500000000028 0.03503703703703707
1 0.9455208333333334 0.35235185185185186 0.011249999999999953 0.04735185185185184
3 0.57215625 0.22733333333333333 0.010999999999999944 0.027814814814814834