2 0.4293645833333334 0.21937962962962965 0.00977083333333333 0.0316111111111111
2 0.8021354166666667 0.2849722222222222 0.008302083333333361 0.039212962962962984
1 0.22057291666666667 0.2689814814814815 0.009895833333333333 0.03611111111111111
2 0.4119791666666667 0.2449074074074074 0.007291666666666667 0.03425925925925926
2 0.7385416666666667 0.3106481481481482 0.008333333333333333 0.03981481481481482
2 0.8369791666666667 0.3300925925925926 0.010416666666666666 0.04351851851851852
2 0.7731770833333333 0.30277777777777776 0.008854166666666666 0.03888888888888889
3 0.6244791666666667 0.3902777777777778 0.0125 0.04722222222222222
2 0.40130208333333334 0.3023148148148148 0.008854166666666666 0.03981481481481482
2 0.29921875 0.2935185185185185 0.011979166666666667 0.03888888888888889
2 0.8111979166666666 0.3365740740740741 0.0109375 0.04537037037037037
2 0.690625 0.38101851851851853 0.011458333333333333 0.049074074074074076
2 0.24166666666666667 0.4777777777777778 0.0125 0.05925925925925926
2 0.48203125 0.28194444444444444 0.013020833333333334 0.03611111111111111
2 0.8544270833333333 0.47175925925925927 0.0109375 0.05462962962962963
2 0.5098958333333333 0.28055555555555556 0.014583333333333334 0.03518518518518519
2 0.7174479166666666 0.37453703703703706 0.016145833333333335 0.04722222222222222
2 0.4395833333333333 0.4777777777777778 0.014583333333333334 0.05925925925925926
2 0.7713541666666667 0.575462962962963 0.014583333333333334 0.06388888888888888
2 0.7908854166666667 0.40925925925925927 0.015104166666666667 0.053703703703703705
2 0.7932291666666667 0.7134259259259259 0.03125 0.07314814814814814
3 0.8079895833333333 0.2472777777777778 0.0073489583333334 0.032925925925925956
2 0.7973854166666666 0.2694074074074074 0.007057291666666761 0.033222222222222215
0 0.24578645833333337 0.2768703703703704 0.004885416666666665 0.009462962962962989