2 0.6801510416666666 0.3572037037037037 0.009135416666666648 0.03370370370370368
2 0.5416666666666666 0.2912037037037037 0.010416666666666666 0.03796296296296296
2 0.6838541666666667 0.3675925925925926 0.009375 0.03888888888888889
2 0.5171770833333333 0.6981574074074074 0.025015624999999986 0.05928703703703701
2 0.8953125 0.6689814814814815 0.019791666666666666 0.04537037037037037
2 0.6859375 0.55 0.019791666666666666 0.037037037037037035
2 0.4276041666666667 0.42268518518518516 0.011458333333333333 0.041666666666666664
2 0.6359375 0.4351851851851852 0.009375 0.04259259259259259
2 0.7518229166666667 0.41759259259259257 0.0109375 0.040740740740740744
2 0.4479166666666667 0.44583333333333336 0.009375 0.04351851851851852
2 0.8130208333333333 0.5453703703703704 0.016666666666666666 0.05185185185185185
2 0.8783802083333333 0.6552129629629629 0.02134375000000001 0.06226851851851852
1 0.11380208333333333 0.4263888888888889 0.013020833333333334 0.04351851851851852
2 0.79765625 0.45231481481481484 0.011979166666666667 0.04537037037037037
2 0.3143229166666667 0.3638888888888889 0.009895833333333333 0.03888888888888889
2 0.50546875 0.5694444444444444 0.016145833333333335 0.05740740740740741
3 0.6649270833333333 0.5189814814814815 0.0109375 0.05092592592592592
3 0.10208333333333333 0.8333333333333334 0.016666666666666666 0.07592592592592592
2 0.7763020833333333 0.5236111111111111 0.016145833333333335 0.049074074074074076
2 0.7643229166666666 0.4300925925925926 0.011979166666666667 0.04351851851851852
2 0.4591145833333333 0.6175925925925926 0.019270833333333334 0.05925925925925926
2 0.17604166666666668 0.6143518518518518 0.014583333333333334 0.058333333333333334
2 0.5815104166666667 0.7305555555555555 0.0296875 0.05555555555555555
0 0.5728072916666667 0.7247962962962963 0.008250000000000075 0.015250000000000026
3 0.6763385416666667 0.2854259259259259 0.0069687500000000565 0.027814814814814782