2 0.5924479166666666 0.399537037037037 0.0067708333333333336 0.032407407407407406
2 0.37473958333333335 0.5578703703703703 0.015104166666666667 0.04537037037037037
2 0.5323697916666668 0.46459259259259256 0.007442708333333373 0.04399074074074073
1 0.92890625 0.4777777777777778 0.009895833333333333 0.03888888888888889
3 0.06540104166666663 0.885175925925926 0.023807291666666664 0.07961111111111113
2 0.3606770833333333 0.46111111111111114 0.008854166666666666 0.03888888888888889
2 0.53515625 0.5254629629629629 0.0078125 0.04351851851851852
2 0.63671875 0.44305555555555554 0.0078125 0.03981481481481482
2 0.6796875 0.49583333333333335 0.009375 0.04351851851851852
1 0.04258333333333333 0.4870555555555555 0.014338541666666668 0.042629629629629594
2 0.25755208333333335 0.43796296296296294 0.009895833333333333 0.040740740740740744
3 0.55234375 0.5777777777777777 0.009895833333333333 0.05185185185185185
2 0.6963541666666667 0.6069444444444444 0.0125 0.05648148148148148
2 0.5833333333333334 0.4305555555555556 0.008333333333333333 0.037037037037037035
2 0.43723958333333335 0.6185185185185185 0.011979166666666667 0.05185185185185185
2 0.64765625 0.4787037037037037 0.009895833333333333 0.044444444444444446
2 0.46979166666666666 0.5694444444444444 0.011458333333333333 0.053703703703703705
2 0.60703125 0.5518518518518518 0.011979166666666667 0.04814814814814815
2 0.23489583333333333 0.6967592592592593 0.0125 0.062037037037037036
2 0.6302083333333334 0.7189814814814814 0.017708333333333333 0.062037037037037036
2 0.25885416666666666 0.5976851851851852 0.011458333333333333 0.049074074074074076
2 0.73984375 0.836574074074074 0.015104166666666667 0.06574074074074074
2 0.48385416666666664 0.8439814814814814 0.01875 0.07314814814814814
2 0.43119791666666674 0.35017592592592595 0.00838020833333329 0.03468518518518522
3 0.5916041666666667 0.3390462962962963 0.006583333333333267 0.028027777777777763
0 0.262640625 0.5952037037037038 0.004489583333333336 0.008546296296296314