2 0.18569270833333332 0.26685185185185184 0.011947916666666695 0.03370370370370368
2 0.14192708333333334 0.34167592592592594 0.014625000000000022 0.04476851851851854
2 0.2755208333333333 0.2388888888888889 0.011458333333333333 0.03518518518518519
2 0.15442708333333333 0.24722222222222223 0.008854166666666666 0.03148148148148148
2 0.17080208333333335 0.3078796296296296 0.00944270833333333 0.04353703703703702
2 0.40765625 0.2718333333333333 0.008895833333333296 0.03810185185185183
2 0.13417187499999994 0.38233333333333336 0.011968750000000009 0.051111111111111156
2 0.2747395833333333 0.31157407407407406 0.008854166666666666 0.03981481481481482
2 0.41613020833333336 0.36017592592592595 0.014119791666666614 0.049972222222222244
2 0.20442708333333334 0.30833333333333335 0.0109375 0.04259259259259259
2 0.42239583333333336 0.2490740740740741 0.0125 0.03333333333333333
2 0.15807291666666667 0.32314814814814813 0.0109375 0.04814814814814815
1 0.8515729166666667 0.32629629629629625 0.009359374999999896 0.04351851851851852
2 0.5870729166666666 0.29674074074074075 0.009088541666666571 0.043472222222222266
3 0.3260416666666667 0.3189814814814815 0.011458333333333333 0.04351851851851852
2 0.34609375 0.29953703703703705 0.008854166666666666 0.041666666666666664
2 0.18307291666666667 0.5046296296296297 0.015104166666666667 0.05555555555555555
2 0.6354166666666666 0.30324074074074076 0.011458333333333333 0.041666666666666664
2 0.20963541666666666 0.35694444444444445 0.011979166666666667 0.04351851851851852
2 0.5846354166666666 0.34953703703703703 0.0140625 0.04537037037037037
2 0.6408854166666667 0.387037037037037 0.0171875 0.05
2 0.48847395833333335 0.5262962962962963 0.019661458333333333 0.06555555555555552
0 0.847140625 0.34528703703703706 0.0047499999999999435 0.008324074074074083
3 0.6150468749999999 0.22971296296296298 0.010031250000000113 0.029018518518518496