2 0.6768229166666667 0.2657407407407407 0.0078125 0.02962962962962963
3 0.7591145833333334 0.25 0.009895833333333333 0.027777777777777776
2 0.70078125 0.26944444444444443 0.009895833333333333 0.03148148148148148
1 0.03832291666666663 0.3074074074074074 0.011979166666666667 0.040740740740740744
2 0.5302604166666666 0.27708333333333335 0.009473958333333303 0.034731481481481474
2 0.4015625 0.2652777777777778 0.011458333333333333 0.03796296296296296
2 0.621875 0.30324074074074076 0.007291666666666667 0.03981481481481482
2 0.5653645833333333 0.33611111111111114 0.008854166666666666 0.040740740740740744
3 0.5744791666666667 0.35648148148148145 0.011458333333333333 0.04259259259259259
2 0.22473958333333333 0.27685185185185185 0.0109375 0.037037037037037035
2 0.6643229166666667 0.2861111111111111 0.011979166666666667 0.03148148148148148
2 0.75 0.4074074074074074 0.015625 0.044444444444444446
2 0.37421875 0.30787037037037035 0.008854166666666666 0.03796296296296296
2 0.7446770833333333 0.29224074074074075 0.009140625000000095 0.03218518518518518
2 0.6434895833333333 0.3351851851851852 0.0109375 0.04259259259259259
2 0.33958333333333335 0.28194444444444444 0.010416666666666666 0.03981481481481482
2 0.30572916666666666 0.4083333333333333 0.014583333333333334 0.05
3 0.0285520833333333 0.7921574074074074 0.024807291666666665 0.08247222222222217
2 0.79609375 0.35185185185185186 0.0109375 0.044444444444444446
2 0.3263020833333333 0.44027777777777777 0.011979166666666667 0.05277777777777778
2 0.50078125 0.5296296296296297 0.011979166666666667 0.05925925925925926
2 0.7763020833333333 0.49675925925925923 0.015104166666666667 0.05277777777777778
0 0.6938802083333333 0.269037037037037 0.003619791666666572 0.006592592592592597
2 0.7476822916666667 0.28983333333333333 0.008619791666666762 0.03781481481481484
2 0.5308177083333333 0.26728703703703705 0.01040624999999995 0.03443518518518513