0 0.15 0.7106481481481481 0.00625 0.010185185185185186
2 0.7436458333333333 0.612712962962963 0.0109375 0.045648148148148104
2 0.42823958333333334 0.5491851851851852 0.0101927083333333 0.03895370370370364
2 0.4674479166666667 0.4685185185185185 0.0078125 0.03148148148148148
2 0.6369791666666667 0.47685185185185186 0.007291666666666667 0.03148148148148148
1 0.14921875 0.5175925925925926 0.008854166666666666 0.03888888888888889
2 0.6815104166666667 0.5388888888888889 0.008854166666666666 0.044444444444444446
2 0.5903645833333333 0.5504629629629629 0.0078125 0.041666666666666664
2 0.5848958333333333 0.6069444444444444 0.010416666666666666 0.04537037037037037
2 0.44505208333333335 0.562962962962963 0.008854166666666666 0.044444444444444446
3 0.540625 0.589574074074074 0.009375 0.04351851851851852
2 0.49765625 0.6638888888888889 0.008854166666666666 0.05185185185185185
2 0.37994791666666666 0.6824074074074075 0.0203125 0.05
2 0.6955729166666667 0.525 0.0078125 0.03888888888888889
2 0.72890625 0.6393518518518518 0.009895833333333333 0.04722222222222222
2 0.77421875 0.6856481481481481 0.0109375 0.05092592592592592
3 0.062343750000000024 0.8555648148148148 0.024687499999999994 0.06484259259259256
2 0.7390625 0.7912037037037037 0.014583333333333334 0.06388888888888888
2 0.12708333333333333 0.700462962962963 0.01875 0.05462962962962963
2 0.5471354166666667 0.6898148148148148 0.0109375 0.053703703703703705
2 0.6049479166666667 0.8870370370370371 0.015104166666666667 0.06666666666666667
2 0.50546875 0.6949074074074074 0.0171875 0.05462962962962963
2 0.9489583333333333 0.7962962962962963 0.014583333333333334 0.05555555555555555
2 0.7403541666666666 0.6016666666666666 0.011958333333333352 0.04484259259259265
3 0.65990625 0.40859259259259256 0.005682291666666591 0.025944444444444426