2 0.7067708333333333 0.20092592592592592 0.009375 0.040740740740740744
1 0.8020833333333334 0.21712962962962962 0.010416666666666666 0.04722222222222222
2 0.675 0.16203703703703703 0.008333333333333333 0.040740740740740744
2 0.628125 0.1787037037037037 0.008333333333333333 0.040740740740740744
2 0.440625 0.17314814814814813 0.010416666666666666 0.03518518518518519
2 0.5216145833333333 0.16435185185185186 0.0078125 0.03611111111111111
2 0.5903645833333333 0.1925925925925926 0.009895833333333333 0.040740740740740744
2 0.5494791666666666 0.27824074074074073 0.009375 0.041666666666666664
2 0.875 0.3175925925925926 0.0125 0.053703703703703705
2 0.32916666666666666 0.1837962962962963 0.007291666666666667 0.041666666666666664
2 0.3268229166666667 0.3055555555555556 0.008854166666666666 0.05185185185185185
2 0.5424479166666667 0.25277777777777777 0.008854166666666666 0.044444444444444446
2 0.35260416666666666 0.21851851851851853 0.008333333333333333 0.046296296296296294
2 0.5966145833333333 0.2875 0.009895833333333333 0.05277777777777778
2 0.1671875 0.2449074074074074 0.0125 0.05092592592592592
2 0.165625 0.3277777777777778 0.009375 0.05925925925925926
2 0.33619791666666665 0.26990740740740743 0.009895833333333333 0.05092592592592592
2 0.2677083333333333 0.35185185185185186 0.0125 0.05925925925925926
2 0.65859375 0.36712962962962964 0.0140625 0.05462962962962963
3 0.4388020833333333 0.23703703703703705 0.0140625 0.046296296296296294
2 0.6924479166666667 0.4300925925925926 0.0140625 0.06574074074074074
2 0.28072916666666664 0.45694444444444443 0.019791666666666666 0.06759259259259259
3 0.10598958333333333 0.924074074074074 0.022395833333333334 0.1037037037037037
0 0.7700833333333333 0.2234722222222222 0.006229166666666686 0.010777777777777765
3 0.5878437499999999 0.11653703703703702 0.008046874999999905 0.032749999999999994