2 0.3098958333333333 0.425 0.011458333333333333 0.05
2 0.5119791666666667 0.3648148148148148 0.007291666666666667 0.03888888888888889
2 0.5520833333333334 0.5444444444444444 0.019791666666666666 0.06111111111111111
2 0.29921875 0.45231481481481484 0.0140625 0.04351851851851852
3 0.4421875 0.5217592592592593 0.016666666666666666 0.06388888888888888
2 0.19917708333333337 0.6573055555555556 0.022317708333333346 0.0794259259259259
2 0.28515625 0.46944444444444444 0.016145833333333335 0.05
2 0.28256770833333333 0.6460092592592593 0.04013020833333331 0.06238888888888899
2 0.7052083333333333 0.46620370370370373 0.011458333333333333 0.05648148148148148
2 0.5059895833333333 0.6754629629629629 0.019270833333333334 0.08796296296296297
2 0.409375 0.6671296296296296 0.019791666666666666 0.08055555555555556
2 0.6643229166666667 0.5768518518518518 0.0140625 0.07037037037037037
2 0.5669270833333333 0.662962962962963 0.015104166666666667 0.08703703703703704
2 0.8066197916666666 0.6622870370370371 0.018453124999999914 0.09494444444444441
2 0.196875 0.763425925925926 0.019791666666666666 0.09722222222222222
2 0.46380208333333334 0.5925925925925926 0.019270833333333334 0.06851851851851852
2 0.2953125 0.7578703703703704 0.021875 0.08796296296296297
2 0.39010416666666664 0.6824074074074075 0.021875 0.08703703703703704
2 0.52265625 0.7023148148148148 0.019270833333333334 0.09166666666666666
2 0.5794270833333334 0.5476851851851852 0.0203125 0.0712962962962963
2 0.5 0.862037037037037 0.027083333333333334 0.10925925925925926
0 0.20341145833333332 0.6593240740740741 0.00759895833333335 0.013740740740740665
3 0.6050520833333334 0.32646296296296295 0.006624999999999896 0.03281481481481476