1 0.230453125 0.31210185185185185 0.009864583333333362 0.029759259259259246
1 0.9934895833333334 0.4027777777777778 0.011979166666666667 0.040740740740740744
2 0.7176041666666666 0.3652407407407407 0.007500000000000047 0.03817592592592594
2 0.5710052083333333 0.3170555555555556 0.005901041666666629 0.032555555555555525
2 0.6888020833333334 0.29212962962962963 0.005729166666666666 0.028703703703703703
2 0.7265625 0.39861111111111114 0.008333333333333333 0.041666666666666664
2 0.5440104166666667 0.26944444444444443 0.0067708333333333336 0.027777777777777776
2 0.4127604166666667 0.3148148148148148 0.0067708333333333336 0.03518518518518519
2 0.6763020833333333 0.2935185185185185 0.005729166666666666 0.02962962962962963
2 0.74296875 0.5111111111111111 0.008854166666666666 0.04814814814814815
2 0.32057291666666665 0.26342592592592595 0.0078125 0.028703703703703703
2 0.4549479166666667 0.3773148148148148 0.008854166666666666 0.03796296296296296
2 0.18098958333333334 0.40046296296296297 0.0140625 0.03981481481481482
2 0.30390625 0.36064814814814816 0.008854166666666666 0.03796296296296296
2 0.378125 0.3814814814814815 0.008333333333333333 0.03888888888888889
2 0.6705729166666666 0.4666666666666667 0.011979166666666667 0.04814814814814815
3 0.61796875 0.375 0.0078125 0.03888888888888889
2 0.71640625 0.663425925925926 0.015104166666666667 0.05648148148148148
2 0.3703125 0.6101851851851852 0.01875 0.05925925925925926
2 0.47630208333333335 0.5078703703703704 0.011979166666666667 0.05092592592592592
3 0.6960885416666667 0.24501851851851852 0.009812500000000076 0.03552777777777778
2 0.7156666666666667 0.3508703703703704 0.006812499999999962 0.03811111111111108
2 0.4519166666666667 0.23614814814814813 0.00763020833333338 0.029888888888888916
2 0.5688489583333334 0.30174999999999996 0.007588541666666752 0.03415740740740739
0 0.23747395833333335 0.3239074074074074 0.0037708333333333383 0.008370370370370337