2 0.66796875 0.26342592592592595 0.009895833333333333 0.03425925925925926
2 0.44036458333333334 0.27037037037037037 0.009895833333333333 0.03518518518518519
2 0.4479166666666667 0.31296296296296294 0.008333333333333333 0.040740740740740744
2 0.4934895833333333 0.2833333333333333 0.008854166666666666 0.04259259259259259
2 0.4796875 0.36898148148148147 0.010416666666666666 0.041666666666666664
2 0.69609375 0.3300925925925926 0.009895833333333333 0.03981481481481482
2 0.5763020833333333 0.28425925925925927 0.008854166666666666 0.04259259259259259
2 0.5059895833333333 0.30694444444444446 0.011979166666666667 0.04722222222222222
2 0.434375 0.25462962962962965 0.007291666666666667 0.03518518518518519
2 0.396875 0.2875 0.008333333333333333 0.03981481481481482
2 0.61875 0.3875 0.011458333333333333 0.04537037037037037
2 0.6411458333333333 0.35509259259259257 0.008333333333333333 0.05092592592592592
1 0.07447916666666667 0.3218611111111111 0.013541666666666667 0.049074074074074076
2 0.3614583333333333 0.31712962962962965 0.011458333333333333 0.04537037037037037
2 0.31588541666666664 0.324537037037037 0.0109375 0.05092592592592592
2 0.46328125 0.4162037037037037 0.008854166666666666 0.06018518518518518
2 0.7442708333333333 0.3333333333333333 0.013541666666666667 0.05
2 0.35859375 0.387037037037037 0.013020833333333334 0.05740740740740741
2 0.26979166666666665 0.47685185185185186 0.015625 0.06481481481481481
2 0.8184895833333333 0.4537037037037037 0.013020833333333334 0.06666666666666667
2 0.12526041666666668 0.6171296296296296 0.016145833333333335 0.09166666666666666
3 0.0953125 0.6842592592592592 0.022916666666666665 0.0962962962962963
2 0.6013020833333333 0.6023148148148149 0.021354166666666667 0.08796296296296297
0 0.7391041666666667 0.354962962962963 0.004354166666666733 0.009157407407407395
3 0.718671875 0.24173148148148146 0.008906249999999952 0.03791666666666668