2 0.812625 0.5587314814814814 0.022359374999999914 0.07531481481481474
2 0.5617916666666666 0.5581296296296296 0.021500000000000106 0.0808703703703703
2 0.78884375 0.4582685185185185 0.02269791666666663 0.064
2 0.8086041666666667 0.4947037037037037 0.022651041666666552 0.06646296296296293
2 0.5776822916666667 0.4481574074074074 0.018078125000000018 0.06882407407407407
2 0.04893229166666669 0.3306296296296296 0.013562499999999996 0.052833333333333385
2 0.5917239583333334 0.3358888888888889 0.012406250000000086 0.04895370370370371
2 0.13298437499999996 0.3793703703703704 0.015546875000000012 0.056703703703703714
2 0.04636979166666665 0.4346388888888889 0.020119791666666664 0.06937962962962958
2 0.10256250000000004 0.2856388888888889 0.010567708333333344 0.04664814814814815
2 0.3163489583333334 0.43682407407407403 0.027177083333333366 0.0691111111111111
3 0.5313229166666666 0.4067222222222222 0.018515624999999977 0.06568518518518524
2 0.6372552083333333 0.39766666666666667 0.022875000000000038 0.052481481481481435
2 0.6191979166666667 0.3114074074074074 0.010541666666666553 0.05429629629629629
2 0.534203125 0.27523148148148147 0.011427083333333362 0.0429907407407407
2 0.5123854166666667 0.2734166666666667 0.018072916666666692 0.045916666666666696
1 0.8469166666666667 0.3139166666666666 0.015614583333333343 0.04718518518518522
2 0.2986354166666667 0.3165277777777778 0.013369791666666705 0.049212962962962944
2 0.6727552083333334 0.33641666666666664 0.014484374999999971 0.05156481481481476
2 0.20299999999999999 0.30869444444444444 0.016593750000000008 0.05104629629629629
2 0.6335677083333333 0.33108333333333334 0.014671875000000037 0.05047222222222222
3 0.4827708333333333 0.20925925925925926 0.009083333333333362 0.035796296296296264
2 0.64790625 0.4028240740740741 0.016520833333333228 0.05578703703703704
0 0.8073333333333333 0.5836944444444444 0.006947916666666743 0.013129629629629689