2 0.384375 0.4185185185185185 0.011458333333333333 0.04259259259259259
2 0.4864583333333333 0.38981481481481484 0.009375 0.040740740740740744
2 0.6932291666666667 0.38425925925925924 0.011458333333333333 0.03888888888888889
2 0.3697916666666667 0.4 0.011458333333333333 0.040740740740740744
2 0.28854166666666664 0.38101851851851853 0.007291666666666667 0.04351851851851852
3 0.49609375 0.40879629629629627 0.0109375 0.041666666666666664
1 0.8473958333333333 0.38287037037037036 0.013541666666666667 0.041666666666666664
2 0.59453125 0.4111111111111111 0.0109375 0.04259259259259259
2 0.4041666666666667 0.5138888888888888 0.011458333333333333 0.06111111111111111
2 0.22421875 0.4425925925925926 0.009895833333333333 0.05
2 0.7708333333333334 0.4648148148148148 0.009375 0.05
2 0.68515625 0.42592592592592593 0.008854166666666666 0.04814814814814815
2 0.26875 0.48009259259259257 0.010416666666666666 0.05648148148148148
2 0.25494791666666666 0.47685185185185186 0.0109375 0.05555555555555555
2 0.4546875 0.45787037037037037 0.011458333333333333 0.049074074074074076
2 0.49765625 0.4699074074074074 0.013020833333333334 0.049074074074074076
2 0.4265625 0.7273148148148149 0.020833333333333332 0.0787037037037037
2 0.7716145833333333 0.5138888888888888 0.0109375 0.05555555555555555
3 0.039494791666666626 0.7412037037037037 0.024828125000000003 0.08611111111111111
2 0.29322916666666665 0.5736111111111111 0.017708333333333333 0.06574074074074074
2 0.6546875 0.5370370370370371 0.010416666666666666 0.053703703703703705
2 0.36614583333333334 0.7189814814814814 0.017708333333333333 0.08796296296296297
2 0.521875 0.6180555555555556 0.016666666666666666 0.06759259259259259
2 0.3950989583333333 0.5075000000000001 0.014624999999999963 0.03557407407407414
2 0.4544583333333333 0.3207407407407407 0.009364583333333343 0.032537037037037024
3 0.5892291666666668 0.2994444444444444 0.005645833333333409 0.025351851851851848
0 0.6933177083333334 0.40142592592592596 0.005083333333333447 0.007712962962963