1 0.8591145833333333 0.39861111111111114 0.0109375 0.03796296296296296
2 0.24348958333333334 0.38935185185185184 0.0109375 0.04351851851851852
0 0.7473958333333334 0.5907407407407408 0.00625 0.009259259259259259
2 0.68125 0.35833333333333334 0.009375 0.037037037037037035
2 0.5611979166666666 0.4166666666666667 0.0109375 0.044444444444444446
2 0.38697916666666665 0.37175925925925923 0.008333333333333333 0.03796296296296296
2 0.16484375 0.4736111111111111 0.013020833333333334 0.05277777777777778
2 0.6361979166666667 0.38796296296296295 0.009895833333333333 0.044444444444444446
3 0.43723958333333335 0.42685185185185187 0.009895833333333333 0.04259259259259259
2 0.32135416666666666 0.4398148148148148 0.009375 0.05
2 0.6291666666666667 0.48935185185185187 0.015625 0.05277777777777778
2 0.4661458333333333 0.38657407407407407 0.008333333333333333 0.041666666666666664
2 0.22708333333333333 0.48009259259259257 0.0125 0.05648148148148148
2 0.13541666666666666 0.5347222222222222 0.0125 0.06388888888888888
2 0.5614583333333333 0.5342592592592592 0.016666666666666666 0.05555555555555555
2 0.28229166666666666 0.6134259259259259 0.017708333333333333 0.06944444444444445
2 0.78828125 0.5453703703703704 0.013020833333333334 0.05740740740740741
2 0.15572916666666667 0.49583333333333335 0.015625 0.058333333333333334
2 0.409375 0.524074074074074 0.011458333333333333 0.06111111111111111
2 0.37786458333333334 0.5902777777777778 0.0109375 0.06944444444444445
2 0.6208333333333333 0.6203703703703703 0.016666666666666666 0.07037037037037037
2 0.6630208333333333 0.6435185185185185 0.015625 0.07037037037037037
3 0.048177083333333336 0.7662037037037037 0.0296875 0.08981481481481482
2 0.478828125 0.31611111111111106 0.008984375 0.030620370370370416
3 0.582640625 0.2994907407407407 0.008031250000000038 0.02764814814814816