2 0.29739583333333336 0.4537037037037037 0.009375 0.05
2 0.29739583333333336 0.40370370370370373 0.014583333333333334 0.05185185185185185
1 0.24557291666666667 0.4148148148148148 0.0140625 0.05
2 0.31614583333333335 0.3972222222222222 0.014583333333333334 0.05185185185185185
0 0.2453125 0.6407407407407407 0.007291666666666667 0.011111111111111112
2 0.290625 0.46944444444444444 0.0125 0.05925925925925926
2 0.43072916666666666 0.46574074074074073 0.0125 0.05185185185185185
2 0.1046875 0.5314814814814814 0.014583333333333334 0.05185185185185185
2 0.33645833333333336 0.4425925925925926 0.011458333333333333 0.05185185185185185
2 0.19505208333333332 0.5189814814814815 0.011979166666666667 0.058333333333333334
2 0.25833333333333336 0.575 0.015625 0.05740740740740741
2 0.21432291666666667 0.4648148148148148 0.011979166666666667 0.05555555555555555
2 0.4041666666666667 0.4351851851851852 0.013541666666666667 0.05
2 0.42109375 0.41388888888888886 0.011979166666666667 0.05
2 0.12942708333333333 0.5254629629629629 0.0140625 0.05648148148148148
3 0.5015625 0.47824074074074074 0.011458333333333333 0.05648148148148148
2 0.42265625 0.5111111111111111 0.0140625 0.05185185185185185
2 0.6338541666666667 0.43472222222222223 0.014583333333333334 0.05277777777777778
2 0.265625 0.612037037037037 0.025 0.05555555555555555
2 0.32473958333333336 0.6268518518518519 0.0203125 0.06111111111111111
2 0.85234375 0.5101851851851852 0.015104166666666667 0.05555555555555555
2 0.8122395833333333 0.6046296296296296 0.0171875 0.06296296296296296
2 0.7643229166666666 0.5861111111111111 0.015104166666666667 0.05925925925925926