0 0.12864583333333332 0.7106481481481481 0.007291666666666667 0.013888888888888888
2 0.2950520833333333 0.4587962962962963 0.008854166666666666 0.04722222222222222
2 0.159375 0.6504629629629629 0.015625 0.06574074074074074
2 0.359375 0.4388888888888889 0.009375 0.05740740740740741
1 0.22057291666666667 0.4162037037037037 0.011979166666666667 0.05277777777777778
2 0.46588541666666666 0.4638888888888889 0.013020833333333334 0.053703703703703705
2 0.3419270833333333 0.4300925925925926 0.013020833333333334 0.05648148148148148
2 0.33489583333333334 0.5319444444444444 0.014583333333333334 0.05648148148148148
2 0.39791666666666664 0.4060185185185185 0.010416666666666666 0.05092592592592592
2 0.3046875 0.4601851851851852 0.014583333333333334 0.05555555555555555
2 0.46067708333333335 0.4148148148148148 0.011979166666666667 0.05185185185185185
2 0.45338541666666665 0.39305555555555555 0.0109375 0.049074074074074076
2 0.3770833333333333 0.4597222222222222 0.0125 0.05462962962962963
3 0.4890625 0.4625 0.010416666666666666 0.05462962962962963
2 0.18125 0.675 0.026041666666666668 0.046296296296296294
2 0.37994791666666666 0.5574074074074075 0.0171875 0.06481481481481481
2 0.6278645833333333 0.42777777777777776 0.009895833333333333 0.05185185185185185
2 0.15104166666666666 0.7041666666666667 0.020833333333333332 0.075
2 0.34869791666666666 0.6550925925925926 0.019270833333333334 0.06759259259259259
2 0.46901041666666665 0.6398148148148148 0.015104166666666667 0.07592592592592592
2 0.65390625 0.5416666666666666 0.015104166666666667 0.06111111111111111
2 0.8359375 0.6541666666666667 0.017708333333333333 0.0824074074074074
2 0.8317708333333333 0.4638888888888889 0.013541666666666667 0.05925925925925926