2 0.33489583333333334 0.5037037037037037 0.008333333333333333 0.03518518518518519
2 0.3333958333333333 0.48138888888888887 0.01029687499999999 0.03315740740740736
2 0.5700520833333333 0.4689814814814815 0.0067708333333333336 0.028703703703703703
2 0.51328125 0.4634259259259259 0.008854166666666666 0.028703703703703703
2 0.27682291666666664 0.4587962962962963 0.0067708333333333336 0.030555555555555555
2 0.45755208333333336 0.5037037037037037 0.0067708333333333336 0.03333333333333333
1 0.9028645833333333 0.5370370370370371 0.009895833333333333 0.044444444444444446
2 0.1828125 0.5375 0.010416666666666666 0.03796296296296296
2 0.27522395833333335 0.5445185185185185 0.01399479166666661 0.03533333333333341
2 0.5916666666666667 0.5361111111111111 0.010416666666666666 0.040740740740740744
3 0.403359375 0.5318425925925926 0.006723958333333376 0.03961111111111108
2 0.31328125 0.524074074074074 0.0078125 0.03333333333333333
2 0.3489583333333333 0.5236111111111111 0.0125 0.03796296296296296
2 0.759375 0.5199074074074074 0.009375 0.03611111111111111
2 0.5208333333333334 0.6083333333333333 0.008333333333333333 0.040740740740740744
2 0.6513020833333333 0.5574074074074075 0.008854166666666666 0.040740740740740744
1 0.08020833333333334 0.5254629629629629 0.009375 0.03981481481481482
2 0.6158854166666666 0.5013888888888889 0.008854166666666666 0.03425925925925926
2 0.31614583333333335 0.5916666666666667 0.009375 0.04259259259259259
2 0.553125 0.5884259259259259 0.009375 0.04351851851851852
2 0.6518229166666667 0.6268518518518519 0.008854166666666666 0.046296296296296294
2 0.63515625 0.6995370370370371 0.0109375 0.05092592592592592
2 0.8291666666666667 0.5703703703703704 0.015625 0.04259259259259259
0 0.188671875 0.5529814814814815 0.004286458333333343 0.00980555555555548
3 0.5949427083333333 0.44123148148148145 0.00677604166666678 0.026055555555555544