0 0.5466145833333333 0.5523148148148148 0.005729166666666666 0.010185185185185186
2 0.3416666666666667 0.4930555555555556 0.013541666666666667 0.04351851851851852
2 0.53671875 0.4527777777777778 0.0109375 0.03888888888888889
2 0.4830729166666667 0.4708333333333333 0.009895833333333333 0.04351851851851852
2 0.21901041666666668 0.5120370370370371 0.0109375 0.053703703703703705
2 0.5080729166666667 0.4689814814814815 0.0140625 0.041666666666666664
1 0.11953125 0.4283611111111111 0.0140625 0.04351851851851852
2 0.41875 0.4046296296296296 0.0125 0.044444444444444446
2 0.31588541666666664 0.5486111111111112 0.0109375 0.05462962962962963
2 0.6005208333333333 0.412962962962963 0.0125 0.03888888888888889
2 0.23098958333333333 0.5574074074074075 0.0109375 0.053703703703703705
2 0.25494791666666666 0.5736111111111111 0.0140625 0.03796296296296296
2 0.44947916666666665 0.42777777777777776 0.010416666666666666 0.04259259259259259
3 0.41432291666666665 0.5041666666666667 0.0171875 0.05092592592592592
2 0.55390625 0.5175925925925926 0.013020833333333334 0.046296296296296294
2 0.31796875 0.45 0.0109375 0.04814814814814815
3 0.04049479166666667 0.7202685185185185 0.021609375000000004 0.0738611111111111
2 0.4283854166666667 0.47314814814814815 0.0140625 0.04814814814814815
2 0.4778645833333333 0.5092592592592593 0.0140625 0.04814814814814815
2 0.6442708333333333 0.5125 0.019791666666666666 0.049074074074074076
2 0.26979166666666665 0.5981481481481481 0.016666666666666666 0.05925925925925926
2 0.6903645833333333 0.5356481481481481 0.013020833333333334 0.05277777777777778
2 0.7408854166666666 0.48564814814814816 0.019270833333333334 0.049074074074074076
2 0.5828125 0.575925925925926 0.020833333333333332 0.05740740740740741
3 0.7981197916666666 0.34214814814814815 0.009682291666666742 0.03672222222222219