2 0.6421875 0.43842592592592594 0.011458333333333333 0.03981481481481482
3 0.5349375 0.4875 0.018833333333333317 0.049074074074074076
3 0.5581302083333334 0.3616481481481481 0.009338541666666582 0.03440740740740738
2 0.44192708333333336 0.42824074074074076 0.009895833333333333 0.03425925925925926
2 0.16916666666666663 0.5133055555555556 0.024916666666666684 0.04747222222222221
2 0.5723958333333333 0.44675925925925924 0.009375 0.04351851851851852
2 0.6255208333333333 0.41805555555555557 0.009375 0.04351851851851852
2 0.64921875 0.46574074074074073 0.016145833333333335 0.05185185185185185
2 0.21640625 0.4199074074074074 0.0109375 0.05648148148148148
2 0.6755208333333333 0.45694444444444443 0.013541666666666667 0.05277777777777778
2 0.8111979166666666 0.45 0.0109375 0.046296296296296294
2 0.10703125 0.46805555555555556 0.0140625 0.04722222222222222
2 0.47291666666666665 0.42824074074074076 0.014583333333333334 0.03425925925925926
2 0.64453125 0.5078703703703704 0.013020833333333334 0.05092592592592592
2 0.22734375 0.42824074074074076 0.018229166666666668 0.04351851851851852
2 0.7645833333333333 0.500462962962963 0.0125 0.04722222222222222
2 0.5208333333333334 0.5101851851851852 0.019791666666666666 0.046296296296296294
2 0.7859375 0.5143518518518518 0.0125 0.05648148148148148
2 0.46119791666666665 0.5935185185185186 0.016145833333333335 0.05740740740740741
2 0.26588541666666665 0.6129629629629629 0.022395833333333334 0.05555555555555555
0 0.43544791666666666 0.44925925925925925 0.005380208333333295 0.009879629629629592
1 0.8608802083333332 0.4723333333333333 0.019057291666666743 0.05686111111111113
2 0.16744270833333333 0.4999166666666666 0.017171875000000014 0.04918518518518508