1 0.13337499999999997 0.4209814814814815 0.025416666666666657 0.06174074074074069
2 0.36614583333333334 0.40555555555555556 0.015625 0.04814814814814815
2 0.35208333333333336 0.4041666666666667 0.0125 0.05277777777777778
2 0.31328125 0.44814814814814813 0.0140625 0.05925925925925926
2 0.33046875 0.4287037037037037 0.0109375 0.04814814814814815
3 0.49609375 0.5060185185185185 0.015104166666666667 0.058333333333333334
2 0.4127604166666667 0.6435185185185185 0.021354166666666667 0.06481481481481481
2 0.3734375 0.487962962962963 0.011458333333333333 0.05740740740740741
2 0.45364583333333336 0.6402777777777777 0.017708333333333333 0.06944444444444445
2 0.6890625 0.4300925925925926 0.0125 0.05277777777777778
2 0.46536458333333336 0.4773148148148148 0.0109375 0.058333333333333334
2 0.3377604166666667 0.5166666666666667 0.013020833333333334 0.06296296296296296
2 0.2635416666666667 0.6231481481481481 0.016666666666666666 0.06666666666666667
2 0.2526041666666667 0.5277777777777778 0.015625 0.05555555555555555
2 0.39817708333333335 0.5606481481481481 0.0140625 0.062037037037037036
2 0.8484375 0.5722222222222222 0.0125 0.06851851851851852
2 0.3 0.5861111111111111 0.019791666666666666 0.06481481481481481
2 0.6481770833333333 0.6416666666666667 0.011979166666666667 0.07777777777777778
2 0.8356770833333333 0.6171296296296296 0.013020833333333334 0.06574074074074074
2 0.5028645833333333 0.5541666666666667 0.018229166666666668 0.06574074074074074
2 0.35885416666666664 0.6916666666666667 0.016666666666666666 0.07777777777777778
2 0.9533854166666667 0.6717592592592593 0.0265625 0.08611111111111111
0 0.4477604166666667 0.6620925925925926 0.008317708333333347 0.011046296296296356
3 0.914671875 0.32742592592592595 0.01185416666666678 0.044833333333333295