2 0.653125 0.425462962962963 0.010416666666666666 0.03611111111111111
1 0.8338541666666667 0.45 0.009375 0.046296296296296294
2 0.24794270833333332 0.5028888888888889 0.01452604166666666 0.05613888888888899
2 0.6477083333333333 0.4265277777777778 0.011041666666666571 0.0401018518518518
2 0.6783854166666666 0.3902777777777778 0.011979166666666667 0.04722222222222222
2 0.7546875 0.43842592592592594 0.013541666666666667 0.04537037037037037
2 0.8200520833333333 0.46805555555555556 0.008854166666666666 0.04537037037037037
2 0.6893229166666667 0.4185185185185185 0.011979166666666667 0.04814814814814815
2 0.5265625 0.3888888888888889 0.010416666666666666 0.04259259259259259
2 0.5528645833333333 0.4444444444444444 0.009895833333333333 0.046296296296296294
2 0.2390625 0.4097222222222222 0.0125 0.04537037037037037
2 0.24869791666666666 0.5236111111111111 0.0140625 0.062037037037037036
2 0.728125 0.449537037037037 0.016666666666666666 0.05092592592592592
2 0.8111979166666666 0.48333333333333334 0.013020833333333334 0.053703703703703705
3 0.6135416666666667 0.475 0.0125 0.05185185185185185
2 0.21328125 0.4199074074074074 0.015104166666666667 0.049074074074074076
2 0.58046875 0.5092592592592593 0.011979166666666667 0.05740740740740741
2 0.68671875 0.49583333333333335 0.011979166666666667 0.05462962962962963
2 0.15260416666666668 0.46574074074074073 0.0125 0.05555555555555555
2 0.35078125 0.6032407407407407 0.018229166666666668 0.062037037037037036
2 0.4934895833333333 0.5967592592592592 0.0203125 0.06574074074074074
0 0.63465625 0.44207407407407406 0.005432291666666581 0.01104629629629625
3 0.5957604166666667 0.3381574074074074 0.008437499999999905 0.03738888888888888