2 0.37838541666666664 0.5458333333333333 0.0171875 0.049074074074074076
2 0.38203125 0.5722222222222222 0.016145833333333335 0.06111111111111111
1 0.13862500000000005 0.4265277777777778 0.013713541666666672 0.056000000000000015
2 0.38125 0.3976851851851852 0.014583333333333334 0.05648148148148148
2 0.34609375 0.44722222222222224 0.008854166666666666 0.05185185185185185
2 0.40390625 0.5564814814814815 0.0234375 0.05925925925925926
2 0.38385416666666666 0.4842592592592593 0.0125 0.05740740740740741
2 0.315625 0.43703703703703706 0.0125 0.05740740740740741
2 0.5447916666666667 0.48333333333333334 0.011458333333333333 0.05555555555555555
2 0.4864583333333333 0.5449074074074074 0.010416666666666666 0.062037037037037036
3 0.5127604166666667 0.5194444444444445 0.013020833333333334 0.06111111111111111
2 0.33958333333333335 0.5143518518518518 0.016666666666666666 0.062037037037037036
2 0.23411458333333332 0.512962962962963 0.0140625 0.06296296296296296
2 0.6950520833333333 0.4583333333333333 0.009895833333333333 0.05740740740740741
2 0.2635416666666667 0.5652777777777778 0.017708333333333333 0.06018518518518518
2 0.4393229166666667 0.42453703703703705 0.013020833333333334 0.05092592592592592
2 0.909375 0.6754629629629629 0.019791666666666666 0.08611111111111111
2 0.9122395833333333 0.7134259259259259 0.022395833333333334 0.0787037037037037
2 0.8830729166666667 0.6078703703703704 0.0140625 0.07314814814814814
2 0.3416666666666667 0.6013888888888889 0.019791666666666666 0.06574074074074074
2 0.6361979166666667 0.6148148148148148 0.016145833333333335 0.07407407407407407
2 0.40208333333333335 0.6291666666666667 0.019791666666666666 0.0712962962962963
3 0.9309062499999999 0.33116666666666666 0.01498437499999999 0.04408333333333335
0 0.410359375 0.5827314814814815 0.007119791666666705 0.01389814814814814