0 0.3546875 0.4981481481481482 0.00625 0.011111111111111112
3 0.640875 0.33372222222222225 0.011411458333333258 0.03765740740740737
2 0.7212916666666668 0.39602777777777776 0.016802083333333447 0.044851851851851796
2 0.37099479166666666 0.43077777777777776 0.015760416666666662 0.04759259259259257
2 0.38064062499999995 0.45591666666666664 0.014437500000000015 0.04612037037037032
2 0.38679687500000004 0.48779629629629634 0.021515624999999972 0.0478055555555556
2 0.1435208333333333 0.42039814814814813 0.021421874999999996 0.0481944444444444
3 0.46330208333333334 0.4503055555555555 0.023406250000000028 0.05245370370370368
2 0.7213489583333333 0.43734259259259256 0.013447916666666752 0.04862962962962961
2 0.3638125 0.4501296296296296 0.01650520833333336 0.05250925925925929
2 0.17786458333333333 0.38333333333333336 0.0140625 0.04259259259259259
2 0.9229166666666667 0.44212962962962965 0.014583333333333334 0.05092592592592592
2 0.09505208333333333 0.47638888888888886 0.011979166666666667 0.05648148148148148
2 0.11334374999999994 0.4699074074074074 0.019145833333333327 0.049074074074074076
2 0.683953125 0.4811759259259259 0.012703124999999933 0.053101851851851824
2 0.8127604166666667 0.5212962962962963 0.015104166666666667 0.05555555555555555
2 0.7854166666666667 0.46111111111111114 0.011458333333333333 0.053703703703703705
2 0.9151041666666667 0.49953703703703706 0.015625 0.05648148148148148
2 0.7075104166666667 0.4083888888888889 0.016218749999999935 0.049907407407407386
2 0.17702604166666672 0.5677407407407407 0.02379687500000003 0.04659259259259253
2 0.6708333333333333 0.45740740740740743 0.015625 0.05185185185185185
2 0.31940104166666666 0.5733703703703704 0.02788020833333332 0.06525000000000003
2 0.5789114583333334 0.43333333333333335 0.01719270833333345 0.046296296296296294