2 0.43871874999999994 0.3743148148148148 0.017020833333333367 0.04123148148148146
3 0.46953125 0.5412037037037037 0.015104166666666667 0.06018518518518518
2 0.5380208333333333 0.43333333333333335 0.011458333333333333 0.04814814814814815
2 0.4674479166666667 0.5055555555555555 0.015104166666666667 0.04814814814814815
3 0.13641145833333337 0.9587962962962963 0.03636458333333332 0.0824074074074074
2 0.27838541666666666 0.49166666666666664 0.0140625 0.05185185185185185
1 0.8903645833333333 0.45092592592592595 0.013020833333333334 0.05185185185185185
2 0.49505208333333334 0.399537037037037 0.009895833333333333 0.04537037037037037
2 0.28203125 0.5435185185185185 0.015104166666666667 0.05925925925925926
2 0.12421875 0.5407407407407407 0.0140625 0.06296296296296296
2 0.5955729166666667 0.4837962962962963 0.016145833333333335 0.049074074074074076
2 0.34817708333333336 0.412962962962963 0.015104166666666667 0.04259259259259259
2 0.37135416666666665 0.45555555555555555 0.0125 0.04814814814814815
2 0.11067708333333333 0.5027777777777778 0.0171875 0.05555555555555555
2 0.5096354166666667 0.4222222222222222 0.0109375 0.044444444444444446
2 0.4864583333333333 0.5166666666666667 0.014583333333333334 0.05740740740740741
2 0.40078125 0.6222222222222222 0.015104166666666667 0.07037037037037037
2 0.68046875 0.5393518518518519 0.0140625 0.05462962962962963
2 0.25807291666666665 0.5930555555555556 0.015104166666666667 0.06944444444444445
2 0.7122395833333334 0.6185185185185185 0.0140625 0.06296296296296296
2 0.68984375 0.5555555555555556 0.015104166666666667 0.06296296296296296
2 0.7580729166666667 0.7032407407407407 0.016145833333333335 0.075
2 0.2953125 0.7 0.017708333333333333 0.07962962962962963
0 0.43690624999999994 0.3942777777777778 0.004822916666666662 0.008768518518518544
3 0.44193229166666664 0.34005555555555556 0.010078124999999953 0.03834259259259256