2 0.5361979166666667 0.4388888888888889 0.019270833333333334 0.040740740740740744
2 0.4573697916666667 0.502787037037037 0.015510416666666653 0.05648148148148148
3 0.39375 0.5277777777777778 0.019791666666666666 0.053703703703703705
2 0.6302083333333334 0.49907407407407406 0.013541666666666667 0.05185185185185185
2 0.42734375 0.39490740740740743 0.011979166666666667 0.04351851851851852
2 0.47317708333333336 0.4583333333333333 0.0109375 0.05
2 0.54296875 0.4685185185185185 0.013020833333333334 0.04814814814814815
1 0.8356770833333333 0.4699074074074074 0.0265625 0.04537037037037037
2 0.4359375 0.425462962962963 0.009375 0.05277777777777778
2 0.40729166666666666 0.513425925925926 0.016666666666666666 0.058333333333333334
2 0.57421875 0.48148148148148145 0.0265625 0.053703703703703705
2 0.33098958333333334 0.4203703703703704 0.0109375 0.04814814814814815
2 0.6302083333333334 0.5319444444444444 0.01875 0.05462962962962963
2 0.5192708333333333 0.49583333333333335 0.016666666666666666 0.058333333333333334
2 0.6947916666666667 0.5893518518518519 0.016666666666666666 0.062037037037037036
2 0.12682291666666667 0.5393518518518519 0.015104166666666667 0.06388888888888888
2 0.19609375 0.5833333333333334 0.013020833333333334 0.07037037037037037
2 0.4765625 0.5560185185185185 0.013541666666666667 0.06388888888888888
2 0.34401041666666665 0.5277777777777778 0.0171875 0.06111111111111111
2 0.703125 0.6361111111111111 0.015625 0.07037037037037037
2 0.28229166666666666 0.625 0.014583333333333334 0.07222222222222222
2 0.4645989583333333 0.4914907407407407 0.011552083333333367 0.0595833333333333
3 0.414875 0.3540925925925926 0.015562500000000057 0.03617592592592597
0 0.5735052083333334 0.4204259259259259 0.007364583333333267 0.012648148148148118