2 0.3876979166666667 0.4135648148148148 0.012625000000000004 0.04308333333333331
2 0.44895833333333335 0.42962962962962964 0.015625 0.044444444444444446
2 0.438140625 0.4064907407407407 0.015859375000000023 0.040768518518518496
2 0.44609375 0.3881851851851852 0.0109375 0.04117592592592595
1 0.848703125 0.45693518518518517 0.010947916666666658 0.05645370370370373
2 0.6281874999999999 0.4699351851851852 0.018880208333333332 0.05283333333333328
2 0.5018229166666667 0.4074074074074074 0.0109375 0.046296296296296294
3 0.12190624999999997 0.9703703703703703 0.02194270833333333 0.05925925925925926
2 0.3776041666666667 0.41064814814814815 0.011458333333333333 0.049074074074074076
2 0.18654687500000003 0.4921944444444445 0.021979166666666692 0.052907407407407445
2 0.5346354166666667 0.4740740740740741 0.013020833333333334 0.04814814814814815
2 0.43697916666666664 0.5986111111111111 0.016666666666666666 0.06388888888888888
2 0.22630208333333332 0.5884259259259259 0.013020833333333334 0.06944444444444445
2 0.7145833333333333 0.5731481481481482 0.011458333333333333 0.05925925925925926
2 0.6619791666666667 0.5064814814814815 0.011458333333333333 0.05555555555555555
2 0.09505208333333333 0.538425925925926 0.013020833333333334 0.06388888888888888
2 0.6859375 0.5162037037037037 0.011458333333333333 0.06018518518518518
2 0.7260416666666667 0.6087962962962963 0.0125 0.062037037037037036
3 0.44947916666666665 0.49583333333333335 0.015625 0.05462962962962963
2 0.5533854166666666 0.48564814814814816 0.013020833333333334 0.05277777777777778
2 0.30494791666666665 0.4791666666666667 0.022395833333333334 0.049074074074074076
2 0.3302083333333333 0.5254629629629629 0.0125 0.058333333333333334
2 0.2598958333333333 0.6412037037037037 0.017708333333333333 0.07314814814814814
0 0.36835416666666665 0.45649999999999996 0.005140624999999943 0.009518518518518494
3 0.4638802083333334 0.34707407407407403 0.010557291666666658 0.04023148148148152