2 0.35208333333333336 0.44814814814814813 0.008333333333333333 0.037037037037037035
2 0.3338541666666667 0.4148148148148148 0.008333333333333333 0.03888888888888889
2 0.5419270833333333 0.3976851851851852 0.008854166666666666 0.03796296296296296
2 0.3453125 0.4476851851851852 0.008333333333333333 0.04351851851851852
3 0.06498958333333332 0.8699351851851852 0.024770833333333336 0.08801851851851847
2 0.5315104166666667 0.46944444444444444 0.013020833333333334 0.040740740740740744
2 0.5265625 0.399537037037037 0.008333333333333333 0.03611111111111111
2 0.4869791666666667 0.4361111111111111 0.013541666666666667 0.03888888888888889
2 0.2903645833333333 0.4217592592592593 0.0109375 0.041666666666666664
2 0.68671875 0.39305555555555555 0.011979166666666667 0.03611111111111111
3 0.45026041666666666 0.4740740740740741 0.008854166666666666 0.04814814814814815
1 0.9203125 0.41574074074074074 0.008333333333333333 0.037037037037037035
2 0.6247395833333333 0.5337962962962963 0.011979166666666667 0.05092592592592592
2 0.38307291666666665 0.4828703703703704 0.009895833333333333 0.04537037037037037
2 0.7091145833333333 0.4337962962962963 0.008854166666666666 0.03981481481481482
2 0.4622395833333333 0.5078703703703704 0.009895833333333333 0.04722222222222222
2 0.215625 0.49074074074074076 0.013541666666666667 0.05
2 0.7057291666666666 0.4986111111111111 0.011458333333333333 0.049074074074074076
2 0.49765625 0.449537037037037 0.016145833333333335 0.03796296296296296
2 0.3151041666666667 0.6439814814814815 0.010416666666666666 0.05648148148148148
2 0.3450520833333333 0.575462962962963 0.0109375 0.05277777777777778
2 0.24791666666666667 0.5097222222222222 0.011458333333333333 0.04351851851851852
2 0.25052083333333336 0.7046296296296296 0.015625 0.06481481481481481
3 0.6566562499999999 0.3676759259259259 0.01002083333333322 0.030888888888888903