2 0.403125 0.40879629629629627 0.009375 0.03796296296296296
2 0.1796875 0.5930555555555556 0.015625 0.032407407407407406
2 0.40859375 0.42824074074074076 0.011979166666666667 0.03796296296296296
2 0.6513020833333333 0.39814814814814814 0.009895833333333333 0.03888888888888889
3 0.4453125 0.5050925925925925 0.0125 0.04722222222222222
2 0.4625 0.48518518518518516 0.013541666666666667 0.044444444444444446
2 0.6177083333333333 0.5231481481481481 0.016666666666666666 0.05
2 0.6614583333333334 0.44351851851851853 0.010416666666666666 0.03888888888888889
1 0.07291666666666667 0.4425925925925926 0.0125 0.04814814814814815
2 0.24557291666666667 0.5189814814814815 0.011979166666666667 0.05092592592592592
2 0.3296875 0.44722222222222224 0.011458333333333333 0.046296296296296294
2 0.4322916666666667 0.5273148148148148 0.009375 0.05277777777777778
2 0.77578125 0.487962962962963 0.0140625 0.044444444444444446
2 0.36640625 0.5115740740740741 0.008854166666666666 0.05092592592592592
2 0.31666666666666665 0.5555555555555556 0.008333333333333333 0.05555555555555555
2 0.48515625 0.49537037037037035 0.0203125 0.05185185185185185
2 0.8005208333333333 0.45416666666666666 0.011458333333333333 0.04722222222222222
2 0.5578125 0.47175925925925927 0.013541666666666667 0.04722222222222222
2 0.30182291666666666 0.5805555555555556 0.011979166666666667 0.05555555555555555
2 0.5981770833333333 0.5685185185185185 0.015104166666666667 0.05925925925925926
3 0.019921875 0.7601388888888889 0.036932291666666665 0.07954629629629638
2 0.7552083333333334 0.55 0.022916666666666665 0.05555555555555555
2 0.196875 0.5958333333333333 0.011458333333333333 0.058333333333333334
3 0.7809583333333333 0.34891666666666665 0.009760416666666553 0.03384259259259255