0 0.17760416666666667 0.6833333333333333 0.008333333333333333 0.011111111111111112
3 0.5684895833333333 0.17592592592592593 0.009895833333333333 0.03148148148148148
2 0.4953125 0.20092592592592592 0.007291666666666667 0.037037037037037035
1 0.9841145833333333 0.337037037037037 0.015104166666666667 0.046296296296296294
2 0.6244791666666667 0.2912037037037037 0.008333333333333333 0.041666666666666664
2 0.50078125 0.3300925925925926 0.0109375 0.049074074074074076
2 0.43828125 0.2671296296296296 0.0067708333333333336 0.03981481481481482
2 0.6125 0.26435185185185184 0.008333333333333333 0.04351851851851852
2 0.675 0.39490740740740743 0.008333333333333333 0.05648148148148148
2 0.6388020833333333 0.45185185185185184 0.009895833333333333 0.05925925925925926
2 0.5921875 0.36342592592592593 0.009375 0.049074074074074076
2 0.7174479166666666 0.4875 0.009895833333333333 0.062037037037037036
2 0.6856770833333333 0.43425925925925923 0.013020833333333334 0.05925925925925926
2 0.43072916666666666 0.39444444444444443 0.013541666666666667 0.05555555555555555
3 0.5963541666666666 0.45740740740740743 0.010416666666666666 0.05925925925925926
2 0.38984375 0.4199074074074074 0.011979166666666667 0.058333333333333334
2 0.23125 0.31574074074074077 0.0125 0.04814814814814815
2 0.521875 0.5050925925925925 0.010416666666666666 0.06574074074074074
2 0.69453125 0.6097222222222223 0.018229166666666668 0.06944444444444445
2 0.6098958333333333 0.5537037037037037 0.014583333333333334 0.06481481481481481
2 0.7864583333333334 0.6782407407407407 0.013541666666666667 0.08055555555555556
2 0.16979166666666667 0.6657407407407407 0.023958333333333335 0.08148148148148149
2 0.4513020833333333 0.7564814814814815 0.0171875 0.08333333333333333
2 0.4283854166666667 0.6439814814814815 0.024479166666666666 0.06388888888888888
3 0.06041666666666667 0.8324074074074074 0.028125 0.09444444444444444