0 0.5997395833333333 0.3768518518518518 0.0046875 0.011111111111111112
3 0.8619583333333334 0.28633333333333333 0.008854166666666666 0.038962962962963
2 0.33246875 0.32049074074074074 0.008854166666666666 0.03888888888888889
2 0.55546875 0.29814814814814816 0.0078125 0.02962962962962963
2 0.48807812500000003 0.27870370370370373 0.006843750000000052 0.03449999999999999
2 0.45105729166666664 0.29191666666666666 0.010375000000000039 0.039388888888888855
2 0.5307291666666667 0.27175925925925926 0.00625 0.032407407407407406
2 0.41380208333333335 0.29212962962962963 0.0078125 0.03611111111111111
1 0.14270833333333333 0.31666666666666665 0.011458333333333333 0.040740740740740744
2 0.6515625 0.2773148148148148 0.007291666666666667 0.030555555555555555
2 0.6411458333333333 0.2791666666666667 0.008333333333333333 0.03425925925925926
2 0.6869791666666667 0.29444444444444445 0.009375 0.03518518518518519
3 0.5588541666666667 0.32546296296296295 0.009375 0.04351851851851852
2 0.4197916666666667 0.29444444444444445 0.007291666666666667 0.03518518518518519
2 0.8604166666666667 0.3125 0.010416666666666666 0.04537037037037037
2 0.84375 0.31073148148148144 0.010416666666666666 0.041500000000000044
2 0.8799479166666667 0.35833333333333334 0.0109375 0.044444444444444446
2 0.5239583333333333 0.30416666666666664 0.008333333333333333 0.041666666666666664
2 0.87109375 0.3939814814814815 0.009895833333333333 0.049074074074074076
2 0.3506666666666666 0.325 0.011744791666666643 0.046296296296296294
2 0.5348958333333333 0.3263888888888889 0.010416666666666666 0.041666666666666664
2 0.7481770833333333 0.41203703703703703 0.0234375 0.05185185185185185
2 0.3346354166666667 0.34444444444444444 0.0109375 0.04814814814814815
2 0.5605729166666666 0.346212962962963 0.013802083333333333 0.032546296296296275