3 0.8744791666666667 0.2449074074074074 0.009375 0.03981481481481482
2 0.4546875 0.24675925925925926 0.011458333333333333 0.041666666666666664
2 0.7026041666666667 0.25972222222222224 0.011458333333333333 0.041666666666666664
2 0.4296666666666667 0.27749074074074076 0.010453124999999968 0.03945370370370371
2 0.4399114583333334 0.3420648148148148 0.010875000000000056 0.045499999999999985
2 0.6783854166666666 0.2740740740740741 0.008854166666666666 0.03518518518518519
2 0.6182291666666667 0.36018518518518516 0.010416666666666666 0.046296296296296294
2 0.37994791666666666 0.29212962962962963 0.011979166666666667 0.04351851851851852
2 0.59140625 0.2902777777777778 0.009895833333333333 0.04722222222222222
2 0.6765625 0.32037037037037036 0.014583333333333334 0.040740740740740744
2 0.92734375 0.31203703703703706 0.009895833333333333 0.05
2 0.30442708333333335 0.36712962962962964 0.009895833333333333 0.05092592592592592
2 0.5330729166666667 0.29814814814814816 0.015104166666666667 0.04259259259259259
3 0.4734375 0.34120370370370373 0.011458333333333333 0.05092592592592592
2 0.70546875 0.4185185185185185 0.013020833333333334 0.06296296296296296
2 0.5549479166666667 0.5560185185185185 0.015104166666666667 0.06944444444444445
2 0.2950520833333333 0.4148148148148148 0.0140625 0.05740740740740741
2 0.33229166666666665 0.39537037037037037 0.01875 0.05740740740740741
2 0.9567708333333333 0.462037037037037 0.016666666666666666 0.06666666666666667
2 0.7049479166666667 0.6930555555555555 0.025520833333333333 0.08055555555555556
0 0.73503125 0.28860185185185183 0.004973958333333428 0.009166666666666646
2 0.44175520833333337 0.3243888888888889 0.010286458333333333 0.04900925925925921
2 0.4282291666666667 0.25539814814814815 0.008119791666666624 0.039287037037037016