2 0.2859375 0.3648148148148148 0.009375 0.025925925925925925
0 0.084375 0.4263888888888889 0.00625 0.010185185185185186
2 0.28932291666666665 0.3990740740740741 0.016145833333333335 0.040740740740740744
2 0.6299739583333334 0.37724074074074077 0.012036458333333399 0.0396666666666667
2 0.4984375 0.41574074074074074 0.0125 0.037037037037037035
2 0.31953125 0.36342592592592593 0.009895833333333333 0.04351851851851852
2 0.32473958333333336 0.41203703703703703 0.0140625 0.05185185185185185
2 0.6145833333333334 0.3773148148148148 0.010416666666666666 0.04537037037037037
2 0.6707135416666666 0.45185185185185184 0.01472916666666677 0.05445370370370365
2 0.5403645833333334 0.4013888888888889 0.009895833333333333 0.04537037037037037
2 0.6841145833333333 0.46296296296296297 0.009895833333333333 0.053703703703703705
2 0.5783854166666667 0.39814814814814814 0.013020833333333334 0.05185185185185185
2 0.6395833333333333 0.38935185185185184 0.010416666666666666 0.05092592592592592
2 0.90625 0.3972222222222222 0.010416666666666666 0.053703703703703705
2 0.39401041666666664 0.4412037037037037 0.018229166666666668 0.05648148148148148
2 0.0484375 0.41203703703703703 0.0125 0.05185185185185185
2 0.36171875 0.5337962962962963 0.0140625 0.06388888888888888
2 0.2791666666666667 0.4888888888888889 0.01875 0.05740740740740741
3 0.15755208333333334 0.8638888888888889 0.0203125 0.10185185185185185
3 0.5223958333333333 0.45185185185185184 0.013541666666666667 0.05555555555555555
2 0.26666666666666666 0.5884259259259259 0.021875 0.06574074074074074
3 0.5562135416666666 0.2990833333333333 0.00909895833333323 0.03888888888888889
2 0.559109375 0.3411018518518518 0.015885416666666666 0.04415740740740746
2 0.67140625 0.4316388888888889 0.013874999999999934 0.0544074074074074
2 0.49929166666666663 0.4021851851851852 0.011593749999999995 0.04859259259259261