2 0.43020833333333336 0.4287037037037037 0.009375 0.025925925925925925
1 0.7765625 0.4305555555555556 0.009375 0.037037037037037035
2 0.5510416666666667 0.3925925925925926 0.011458333333333333 0.02962962962962963
2 0.4549479166666667 0.43796296296296294 0.008854166666666666 0.02962962962962963
2 0.7533854166666667 0.49027777777777776 0.009895833333333333 0.04537037037037037
2 0.5234375 0.46064814814814814 0.010416666666666666 0.032407407407407406
2 0.6270833333333333 0.42592592592592593 0.013541666666666667 0.03888888888888889
2 0.6677083333333333 0.4773148148148148 0.011458333333333333 0.03981481481481482
2 0.30493750000000003 0.4376203703703704 0.013036458333333318 0.032157407407407426
2 0.48489583333333336 0.4685185185185185 0.009375 0.04259259259259259
2 0.1515625 0.5268518518518519 0.011458333333333333 0.04814814814814815
2 0.7786458333333334 0.5106481481481482 0.015625 0.04351851851851852
2 0.6747864583333334 0.5576944444444444 0.015197916666666582 0.048731481481481584
2 0.1609375 0.5476851851851852 0.011458333333333333 0.05462962962962963
2 0.31536458333333334 0.5981481481481481 0.022395833333333334 0.05555555555555555
2 0.4734375 0.6166666666666667 0.014583333333333334 0.05185185185185185
2 0.15572916666666667 0.46435185185185185 0.015625 0.03796296296296296
2 0.94296875 0.6032407407407407 0.013020833333333334 0.05277777777777778
3 0.08517187499999998 0.8354166666666667 0.025552083333333333 0.0912037037037037
3 0.5613854166666667 0.3542777777777778 0.0066770833333334185 0.03146296296296298
2 0.6627083333333333 0.4344074074074074 0.010651041666666573 0.041666666666666664
2 0.6571666666666667 0.42475 0.009864583333333362 0.0433888888888889
0 0.35988020833333334 0.46223148148148147 0.0051145833333333 0.010388888888888914
2 0.30130729166666664 0.4314444444444444 0.008406250000000053 0.033907407407407414