2 0.6257083333333334 0.4121944444444445 0.015999999999999896 0.04475925925925929
2 0.61246875 0.4363518518518518 0.012442708333333267 0.048638888888888863
2 0.7338541666666667 0.37083333333333335 0.010416666666666666 0.03981481481481482
2 0.45989583333333334 0.38981481481481484 0.011458333333333333 0.040740740740740744
2 0.47760416666666666 0.4452314814814815 0.02396354166666666 0.04786111111111116
3 0.41754687500000004 0.41405555555555557 0.013223958333333386 0.046453703703703664
2 0.79453125 0.37407407407407406 0.0140625 0.040740740740740744
2 0.3895260416666667 0.4655462962962963 0.024171875000000044 0.0477592592592593
2 0.6966145833333334 0.36435185185185187 0.0109375 0.03796296296296296
2 0.6645833333333333 0.36666666666666664 0.007291666666666667 0.03888888888888889
2 0.16290624999999997 0.5233148148148148 0.019562499999999972 0.0632962962962962
2 0.7421875 0.42824074074074076 0.016666666666666666 0.04537037037037037
2 0.27895312499999997 0.5965833333333332 0.021442708333333373 0.061675925925925836
2 0.7783854166666667 0.4013888888888889 0.018229166666666668 0.04722222222222222
2 0.5341145833333333 0.5800925925925926 0.0328125 0.062037037037037036
2 0.19765625 0.5337962962962963 0.028645833333333332 0.05648148148148148
2 0.13880208333333333 0.4962962962962963 0.011979166666666667 0.05740740740740741
2 0.26588541666666665 0.4351851851851852 0.011979166666666667 0.04814814814814815
2 0.8088541666666667 0.4861111111111111 0.011458333333333333 0.05740740740740741
2 0.8434895833333333 0.44814814814814813 0.016145833333333335 0.05185185185185185
0 0.37536458333333333 0.4898518518518518 0.005328125000000009 0.009444444444444486
2 0.48325520833333335 0.44280555555555556 0.01399479166666661 0.04778703703703705
3 0.7549322916666666 0.32028703703703704 0.009473958333333362 0.03878703703703702