2 0.52578125 0.2023148148148148 0.008854166666666666 0.03981481481481482
3 0.7021302083333334 0.19774074074074074 0.01136458333333342 0.046851851851851874
2 0.71115625 0.24075 0.010244791666666704 0.0481574074074074
2 0.7942708333333334 0.3662037037037037 0.013541666666666667 0.06759259259259259
2 0.29739583333333336 0.26481481481481484 0.015625 0.05185185185185185
2 0.4505208333333333 0.25787037037037036 0.0125 0.049074074074074076
2 0.4153645833333333 0.2875 0.015104166666666667 0.05092592592592592
3 0.6308958333333334 0.3776759259259259 0.012166666666666734 0.0720185185185185
2 0.42916666666666664 0.4962962962962963 0.014583333333333334 0.08148148148148149
2 0.6192708333333333 0.28194444444444444 0.010416666666666666 0.05462962962962963
2 0.7684895833333333 0.3060185185185185 0.013020833333333334 0.058333333333333334
2 0.3763020833333333 0.30925925925925923 0.0109375 0.05925925925925926
2 0.6471354166666666 0.2537037037037037 0.016145833333333335 0.04814814814814815
2 0.7471354166666667 0.3111111111111111 0.015104166666666667 0.05740740740740741
2 0.16770833333333332 0.3773148148148148 0.016666666666666666 0.06574074074074074
2 0.47630208333333335 0.4398148148148148 0.022395833333333334 0.07592592592592592
2 0.6020833333333333 0.3425925925925926 0.017708333333333333 0.05185185185185185
2 0.6080729166666666 0.4166666666666667 0.015104166666666667 0.07222222222222222
2 0.109375 0.5449074074074074 0.019791666666666666 0.09351851851851851
2 0.86484375 0.4726851851851852 0.021354166666666667 0.08055555555555556
2 0.8247395833333333 0.5856481481481481 0.019270833333333334 0.09537037037037037
2 0.5817708333333333 0.7203703703703703 0.035416666666666666 0.10740740740740741
0 0.25891666666666663 0.32642592592592595 0.006843749999999993 0.013370370370370421