2 0.9471666666666666 0.644175925925926 0.021296874999999934 0.06427777777777785
2 0.225 0.37037037037037035 0.011458333333333333 0.040740740740740744
1 0.8458333333333333 0.36064814814814816 0.0125 0.04722222222222222
2 0.57734375 0.37175925925925923 0.013020833333333334 0.03981481481481482
2 0.27317708333333335 0.3490740740740741 0.013020833333333334 0.040740740740740744
2 0.7096354166666666 0.4597222222222222 0.011979166666666667 0.05648148148148148
2 0.59375 0.39305555555555555 0.014583333333333334 0.04537037037037037
3 0.5572916666666666 0.462037037037037 0.013541666666666667 0.05925925925925926
2 0.7341145833333333 0.45787037037037037 0.0140625 0.05648148148148148
2 0.7083333333333334 0.6083333333333333 0.014583333333333334 0.07592592592592592
2 0.5763020833333333 0.5768518518518518 0.016145833333333335 0.07777777777777778
2 0.6393229166666666 0.5291666666666667 0.0109375 0.06944444444444445
2 0.7643229166666666 0.5550925925925926 0.019270833333333334 0.06944444444444445
2 0.9356770833333333 0.5953703703703703 0.033854166666666664 0.06111111111111111
2 0.35859375 0.6569444444444444 0.0203125 0.08796296296296297
2 0.3502604166666667 0.5453703703703704 0.0171875 0.06666666666666667
2 0.08671875 0.6375 0.016145833333333335 0.08055555555555556
2 0.45729166666666665 0.6504629629629629 0.020833333333333332 0.08055555555555556
2 0.47161458333333334 0.47824074074074074 0.016145833333333335 0.058333333333333334
2 0.21171875 0.6486111111111111 0.0234375 0.08611111111111111
2 0.6825520833333333 0.6208333333333333 0.019270833333333334 0.0824074074074074
2 0.14166666666666666 0.4912037037037037 0.016666666666666666 0.06388888888888888
3 0.48269791666666667 0.27925 0.008432291666666696 0.035583333333333286