2 0.6901041666666666 0.39490740740740743 0.009375 0.03611111111111111
2 0.4596354166666667 0.29074074074074074 0.0078125 0.02962962962962963
2 0.6838541666666667 0.4013888888888889 0.00625 0.041666666666666664
2 0.6658854166666667 0.3523148148148148 0.009895833333333333 0.032407407407407406
2 0.5533854166666666 0.30925925925925923 0.0067708333333333336 0.027777777777777776
2 0.45651041666666664 0.3282407407407407 0.005729166666666666 0.028703703703703703
2 0.3424479166666667 0.35462962962962963 0.008854166666666666 0.027777777777777776
2 0.29244791666666664 0.32546296296296295 0.009895833333333333 0.03425925925925926
2 0.5098958333333333 0.3439814814814815 0.00625 0.03611111111111111
1 0.890625 0.40694444444444444 0.013541666666666667 0.04351851851851852
2 0.5390625 0.29444444444444445 0.00625 0.03148148148148148
2 0.725 0.41574074074074074 0.008333333333333333 0.03888888888888889
2 0.46484375 0.34629629629629627 0.008854166666666666 0.037037037037037035
2 0.5552083333333333 0.38796296296296295 0.009375 0.03888888888888889
2 0.74375 0.44583333333333336 0.007291666666666667 0.03981481481481482
2 0.32447916666666665 0.5828703703703704 0.0125 0.058333333333333334
3 0.6075520833333333 0.4444444444444444 0.0078125 0.046296296296296294
2 0.32265625 0.45092592592592595 0.0140625 0.044444444444444446
2 0.14505208333333333 0.39814814814814814 0.008854166666666666 0.044444444444444446
2 0.5768229166666666 0.43796296296296294 0.009895833333333333 0.044444444444444446
2 0.6752604166666667 0.5481481481481482 0.008854166666666666 0.05
2 0.62578125 0.6263888888888889 0.015104166666666667 0.06018518518518518
3 0.6069739583333332 0.2829259259259259 0.005864583333333447 0.027462962962962932
0 0.2304322916666667 0.3784722222222222 0.005458333333333343 0.009851851851851839