2 0.4138489583333333 0.29289814814814813 0.009249999999999996 0.03138888888888887
2 0.5026041666666666 0.31666666666666665 0.008333333333333333 0.03333333333333333
2 0.5599583333333332 0.3505462962962963 0.01158333333333322 0.03998148148148144
2 0.6901979166666666 0.39244444444444443 0.011640624999999953 0.047842592592592555
2 0.5122395833333333 0.28564814814814815 0.0078125 0.032407407407407406
2 0.6278645833333333 0.32685185185185184 0.008854166666666666 0.02962962962962963
2 0.47291666666666665 0.32546296296296295 0.010416666666666666 0.03981481481481482
2 0.6393229166666666 0.3574074074074074 0.011979166666666667 0.037037037037037035
2 0.20755208333333333 0.32037037037037036 0.0078125 0.03518518518518519
1 0.85703125 0.37962962962962965 0.0109375 0.04259259259259259
2 0.7235677083333333 0.4111388888888889 0.01068229166666678 0.04079629629629625
2 0.7059895833333333 0.37407407407407406 0.009895833333333333 0.04259259259259259
2 0.3455729166666667 0.35555555555555557 0.008854166666666666 0.037037037037037035
2 0.24192708333333332 0.43425925925925923 0.009895833333333333 0.05
3 0.5052083333333334 0.4115740740740741 0.008333333333333333 0.04537037037037037
2 0.6247395833333333 0.5018518518518519 0.009895833333333333 0.05185185185185185
2 0.2799479166666667 0.4986111111111111 0.0109375 0.05277777777777778
2 0.12552083333333333 0.40370370370370373 0.013541666666666667 0.04814814814814815
2 0.53515625 0.4115740740740741 0.009895833333333333 0.04722222222222222
2 0.409375 0.5300925925925926 0.01875 0.05092592592592592
0 0.3611458333333334 0.3038518518518519 0.005374999999999967 0.009259259259259259
2 0.39812500000000006 0.2825740740740741 0.012312500000000053 0.03492592592592595
2 0.4861510416666667 0.27205555555555555 0.008484374999999982 0.032388888888888905
3 0.5888749999999999 0.2629444444444445 0.008333333333333333 0.02862962962962959