2 0.8247395833333333 0.6287037037037037 0.018229166666666668 0.04814814814814815
2 0.8130208333333333 0.5175925925925926 0.009375 0.046296296296296294
2 0.5299479166666666 0.34120370370370373 0.0067708333333333336 0.030555555555555555
2 0.6549479166666666 0.4 0.0078125 0.040740740740740744
2 0.5557291666666667 0.42824074074074076 0.008333333333333333 0.04351851851851852
2 0.69453125 0.44166666666666665 0.008854166666666666 0.046296296296296294
2 0.6651041666666667 0.4023148148148148 0.008333333333333333 0.03796296296296296
2 0.38385416666666666 0.49583333333333335 0.009375 0.04722222222222222
2 0.67578125 0.4537037037037037 0.0109375 0.04259259259259259
2 0.39739583333333334 0.32314814814814813 0.008333333333333333 0.03518518518518519
2 0.20520833333333333 0.4263888888888889 0.009375 0.04537037037037037
2 0.3763020833333333 0.49907407407407406 0.008854166666666666 0.05555555555555555
2 0.5197916666666667 0.36203703703703705 0.008333333333333333 0.03333333333333333
3 0.5552083333333333 0.4828703703703704 0.009375 0.04722222222222222
2 0.64765625 0.6324074074074074 0.0140625 0.05740740740740741
3 0.14635416666666667 0.9518518518518518 0.026041666666666668 0.08148148148148149
2 0.6705729166666666 0.5726851851851852 0.019270833333333334 0.05462962962962963
2 0.25677083333333334 0.5902777777777778 0.015625 0.05462962962962963
2 0.19635416666666666 0.6305555555555555 0.023958333333333335 0.06111111111111111
1 0.7321979166666668 0.34551851851851856 0.009703125000000057 0.039240740740740736
0 0.8358229166666666 0.6265277777777778 0.008994791666666658 0.009564814814814748
2 0.849453125 0.6081388888888889 0.014458333333333446 0.05462962962962963
2 0.8423541666666666 0.6030648148148148 0.01615104166666678 0.03888888888888889
2 0.8308333333333333 0.6079166666666667 0.015208333333333239 0.04406481481481474
3 0.4846302083333333 0.24560185185185185 0.006135416666666653 0.023759259259259258