2 0.5213541666666667 0.2037037037037037 0.00625 0.02962962962962963
2 0.5776614583333334 0.3705648148148148 0.0211666666666666 0.048250000000000015
2 0.5713541666666667 0.3902777777777778 0.021875 0.03981481481481482
2 0.7017343749999999 0.4087314814814815 0.019447916666666742 0.049203703703703694
2 0.5645833333333333 0.36898148148148147 0.009375 0.05277777777777778
2 0.26901041666666664 0.26990740740740743 0.008854166666666666 0.03796296296296296
2 0.5812916666666667 0.31599999999999995 0.013500000000000038 0.0348981481481482
2 0.6041666666666666 0.2712962962962963 0.015625 0.03333333333333333
2 0.616390625 0.4094259259259259 0.021770833333333427 0.0419259259259259
2 0.6885416666666667 0.4101851851851852 0.014583333333333334 0.05
2 0.2921875 0.37175925925925923 0.011458333333333333 0.05462962962962963
2 0.30755208333333334 0.38472222222222224 0.016145833333333335 0.05092592592592592
2 0.44166666666666665 0.4597222222222222 0.010416666666666666 0.058333333333333334
2 0.5276041666666667 0.4449074074074074 0.013541666666666667 0.05462962962962963
1 0.8994791666666667 0.33935185185185185 0.015625 0.04722222222222222
2 0.71796875 0.7847222222222222 0.0265625 0.0712962962962963
3 0.57890625 0.45 0.0171875 0.05555555555555555
2 0.15677083333333333 0.5796296296296296 0.015625 0.07407407407407407
2 0.5098958333333333 0.4041666666666667 0.021875 0.05277777777777778
2 0.24505208333333334 0.5171296296296296 0.015104166666666667 0.06574074074074074
2 0.7375 0.5805555555555556 0.025 0.06666666666666667
0 0.6051197916666666 0.38175925925925924 0.005859375 0.011768518518518551
2 0.7040520833333334 0.36877777777777776 0.013395833333333228 0.04807407407407403
3 0.5502968750000001 0.19077777777777777 0.006333333333333258 0.028685185185185202