2 0.68046875 0.43333333333333335 0.009895833333333333 0.040740740740740744
2 0.5473958333333333 0.32592592592592595 0.00625 0.02962962962962963
3 0.07765624999999995 0.9318703703703703 0.020942708333333324 0.07670370370370362
2 0.7091145833333333 0.6787037037037037 0.016145833333333335 0.05925925925925926
2 0.7221354166666667 0.6805555555555556 0.0296875 0.053703703703703705
1 0.76796875 0.3541666666666667 0.0140625 0.03425925925925926
2 0.66796875 0.4074074074074074 0.0078125 0.03888888888888889
2 0.7473958333333334 0.5166666666666667 0.0125 0.044444444444444446
2 0.6471354166666666 0.4476851851851852 0.0109375 0.04537037037037037
2 0.40911458333333334 0.29583333333333334 0.009895833333333333 0.032407407407407406
2 0.5447916666666667 0.40694444444444444 0.013541666666666667 0.04351851851851852
2 0.6361979166666667 0.3837962962962963 0.011979166666666667 0.041666666666666664
2 0.24791666666666667 0.36666666666666664 0.007291666666666667 0.037037037037037035
2 0.5359375 0.33101851851851855 0.008333333333333333 0.03425925925925926
2 0.425 0.4537037037037037 0.010416666666666666 0.040740740740740744
3 0.5640625 0.47129629629629627 0.010416666666666666 0.046296296296296294
2 0.8236979166666667 0.624537037037037 0.0234375 0.049074074074074076
2 0.5919270833333333 0.5837962962962963 0.015104166666666667 0.06018518518518518
2 0.23958333333333334 0.5291666666666667 0.010416666666666666 0.04722222222222222
2 0.6588541666666666 0.5365740740740741 0.011458333333333333 0.05648148148148148
2 0.41041666666666665 0.44722222222222224 0.009375 0.04814814814814815
2 0.84609375 0.6828703703703703 0.024479166666666666 0.05277777777777778
2 0.11640625 0.5962962962962963 0.013020833333333334 0.05925925925925926
3 0.5058697916666667 0.24004629629629629 0.008203125 0.030953703703703685