2 0.825 0.3921296296296296 0.009375 0.04537037037037037
2 0.6916666666666667 0.3106481481481482 0.007291666666666667 0.032407407407407406
2 0.7901041666666667 0.4185185185185185 0.009375 0.046296296296296294
1 0.16614583333333333 0.36018518518518516 0.015625 0.04259259259259259
2 0.5807291666666666 0.4125 0.010416666666666666 0.049074074074074076
2 0.6044270833333333 0.35324074074074074 0.0067708333333333336 0.03981481481481482
3 0.6395833333333333 0.4083333333333333 0.010416666666666666 0.04814814814814815
2 0.7239583333333334 0.48935185185185187 0.009375 0.05462962962962963
2 0.7658854166666667 0.475462962962963 0.016145833333333335 0.05462962962962963
2 0.41041666666666665 0.3101851851851852 0.007291666666666667 0.037037037037037035
2 0.91171875 0.4601851851851852 0.013020833333333334 0.05185185185185185
2 0.8942708333333333 0.47685185185185186 0.0125 0.05740740740740741
2 0.7505208333333333 0.41435185185185186 0.009375 0.04537037037037037
2 0.53359375 0.42777777777777776 0.013020833333333334 0.046296296296296294
2 0.8690104166666667 0.5842592592592593 0.0140625 0.06481481481481481
2 0.8330729166666667 0.6546296296296297 0.015104166666666667 0.07592592592592592
2 0.9166666666666666 0.549537037037037 0.014583333333333334 0.06388888888888888
2 0.5677083333333334 0.49953703703703706 0.014583333333333334 0.05648148148148148
2 0.6145833333333334 0.6990740740740741 0.016666666666666666 0.07962962962962963
3 0.9047135416666666 0.3109444444444444 0.011380208333333286 0.038398148148148174
2 0.8938541666666667 0.40314814814814814 0.014812500000000029 0.05214814814814819
2 0.8084947916666666 0.335037037037037 0.013770833333333362 0.04269444444444446
2 0.011416666666666705 0.43360185185185185 0.013588541666666669 0.05499074074074073
0 0.04401041666666667 0.4473611111111111 0.005489583333333329 0.009453703703703737