2 0.3221354166666667 0.38981481481481484 0.013020833333333334 0.040740740740740744
2 0.39791666666666664 0.36712962962962964 0.014583333333333334 0.032407407407407406
2 0.22991666666666669 0.44932407407407404 0.017124999999999998 0.0459351851851852
2 0.26145833333333335 0.43287037037037035 0.011458333333333333 0.05462962962962963
2 0.19635416666666666 0.45092592592592595 0.013541666666666667 0.04259259259259259
2 0.28463541666666664 0.4361111111111111 0.009895833333333333 0.04814814814814815
2 0.36223958333333334 0.4050925925925926 0.0140625 0.04351851851851852
2 0.45677083333333335 0.41435185185185186 0.008333333333333333 0.03981481481481482
2 0.2752604166666667 0.45416666666666666 0.0109375 0.04722222222222222
2 0.46927083333333336 0.45787037037037037 0.0125 0.05092592592592592
2 0.7255208333333333 0.5662037037037037 0.0125 0.06759259259259259
2 0.6544270833333333 0.42685185185185187 0.008854166666666666 0.04814814814814815
2 0.734375 0.5652777777777778 0.010416666666666666 0.06759259259259259
2 0.40338541666666666 0.4736111111111111 0.0140625 0.05462962962962963
2 0.23125 0.5018518518518519 0.009375 0.05555555555555555
2 0.69609375 0.4287037037037037 0.015104166666666667 0.05
2 0.5401041666666667 0.47453703703703703 0.017708333333333333 0.05648148148148148
2 0.58046875 0.5592592592592592 0.013020833333333334 0.07037037037037037
0 0.23971875 0.36495370370370367 0.00582291666666664 0.01169444444444444
1 0.18691145833333328 0.36839814814814814 0.016562499999999977 0.04270370370370371
2 0.2296302083333334 0.43480555555555556 0.017963541666666673 0.03876851851851852
2 0.27739062499999995 0.4104814814814815 0.01200520833333331 0.04298148148148145
2 0.455953125 0.39160185185185187 0.012963541666666719 0.03739814814814814
3 0.7785364583333333 0.3173425925925926 0.007843749999999972 0.03367592592592593