2 0.7526041666666666 0.32592592592592595 0.007291666666666667 0.040740740740740744
1 0.762328125 0.3320185185185185 0.011093750000000095 0.04049074074074076
2 0.5916666666666667 0.2851851851851852 0.008333333333333333 0.03518518518518519
2 0.72353125 0.3211481481481481 0.008697916666666573 0.04416666666666671
2 0.71171875 0.3074074074074074 0.0078125 0.03888888888888889
2 0.6231770833333333 0.2972222222222222 0.008854166666666666 0.040740740740740744
2 0.5723958333333333 0.3425925925925926 0.008333333333333333 0.04259259259259259
3 0.5114583333333333 0.3212962962962963 0.008333333333333333 0.03888888888888889
2 0.7301822916666667 0.3565185185185185 0.012447916666666715 0.048231481481481514
2 0.56171875 0.3787037037037037 0.011979166666666667 0.05
2 0.1890625 0.3111111111111111 0.0125 0.037037037037037035
2 0.11770833333333333 0.32407407407407407 0.010416666666666666 0.04259259259259259
2 0.08072916666666667 0.3509259259259259 0.010416666666666666 0.04814814814814815
2 0.33489583333333334 0.33287037037037037 0.009375 0.04537037037037037
2 0.5052083333333334 0.4412037037037037 0.010416666666666666 0.049074074074074076
2 0.6703125 0.47129629629629627 0.0125 0.05740740740740741
2 0.4322916666666667 0.3712962962962963 0.0125 0.046296296296296294
3 0.07436458333333332 0.8157407407407408 0.025520833333333333 0.11481481481481481
2 0.2760416666666667 0.4078703703703704 0.01875 0.05648148148148148
3 0.5961093749999999 0.24294444444444444 0.008906249999999952 0.031574074074074095
2 0.5745312499999999 0.28767592592592595 0.010838541666666639 0.03494444444444445
2 0.5715885416666667 0.3230092592592593 0.010890624999999925 0.039620370370370334